0 7836 400
1 7967 400
2 8037 400
3 8104 400
4 8172 400
5 8237 400
6 8293 400
7 8354 400
8 8411 400
9 8472 400
10 8532 400
11 8588 400
12 8652 400
13 8703 400
14 8767 400
15 8825 400
16 8884 400
17 8947 400
18 9003 400
19 9065 400
20 9122 400
21 9179 400
22 9242 400
23 9297 400
24 9361 400
25 9424 400
26 9479 400
27 9539 400
28 9601 400
29 9658 400
30 9718 400
31 9780 400
32 9842 400
33 9892 400
34 9953 400
35 10002 400
36 10050 400
37 10097 400
38 10145 400
39 10193 400
40 10241 400
41 10288 400
42 10341 400
43 10389 400
44 10437 400
45 10485 400
46 10533 400
47 10581 400
48 10628 400
49 10676 400
50 10724 400
51 10773 400
52 10820 400
53 10868 400
54 10916 400
55 10963 400
56 11013 400
57 11061 400
58 11108 400
59 11156 400
60 11222 400
61 11271 400
62 11337 400
63 11385 400
64 11432 400
65 11479 400
66 11528 400
67 11575 400
68 11622 400
69 11669 400
70 11717 400
71 11763 400
72 11811 400
73 11858 400
74 11906 400
75 11953 400
76 12000 400
77 12057 400
78 12106 400
79 12159 400
80 12207 400
81 12256 400
82 12305 400
83 12353 400
84 12401 400
85 12448 400
86 12496 400
87 12545 400
88 12593 400
89 12641 400
90 12688 400
91 12735 400
92 12786 400
93 12834 400
94 12884 400
95 12935 400
96 12982 400
97 13028 400
98 13075 400
99 13121 400
100 32011186 400
101 32011267 400
102 32011340 400
103 32011403 400
104 32012319 400
105 32012377 400
106 32012422 400
107 32012465 400
108 32012508 400
109 32012549 400
110 32012590 400
111 32012632 400
112 32012673 400
113 32012715 400
114 32012755 400
115 32012796 400
116 32012836 400
117 32012876 400
118 32012918 400
119 32012965 400
120 32013008 400
121 32013052 400
122 32013093 400
123 32013135 400
124 32013178 400
125 32013228 400
126 32013271 400
127 32013312 400
128 32013353 400
129 32013396 400
130 32013438 400
131 32013478 400
132 32013520 400
133 32013561 400
134 32013603 400
135 32013645 400
136 32013686 400
137 32013727 400
138 32013769 400
139 32013813 400
140 32013854 400
141 32013895 400
142 32013937 400
143 32013976 400
144 32014014 400
145 32014052 400
146 32014090 400
147 32014128 400
148 32014165 400
149 32014203 400
150 32014242 400
151 32014280 400
152 32014318 400
153 32014356 400
154 32014393 400
155 32014432 400
156 32014469 400
157 32014507 400
158 32014545 400
159 32014583 400
160 32014621 400
161 32014659 400
162 32014696 400
163 32014734 400
164 32014771 400
165 32014809 400
166 32014847 400
167 32014885 400
168 32014923 400
169 32014961 400
170 32014998 400
171 32015036 400
172 32015074 400
173 32015111 400
174 32015152 400
175 32015191 400
176 32015233 400
177 32015271 400
178 32015309 400
179 32015347 400
180 32015384 400
181 32015422 400
182 32015460 400
183 32015498 400
184 32015535 400
185 32015572 400
186 32015615 400
187 32015655 400
188 32015693 400
189 32015731 400
190 32015772 400
191 32015810 400
192 32015849 400
193 32015886 400
194 32015924 400
195 32015961 400
196 32015999 400
197 32016038 400
198 32016075 400
199 32016112 400
200 64015245 400
201 64015311 400
202 64015351 400
203 64015386 400
204 64015420 400
205 64015454 400
206 64015489 400
207 64015524 400
208 64015559 400
209 64015595 400
210 64015630 400
211 64015665 400
212 64015702 400
213 64015738 400
214 64015774 400
215 64015807 400
216 64015838 400
217 64015869 400
218 64015900 400
219 64015931 400
220 64015962 400
221 64015992 400
222 64016023 400
223 64016055 400
224 64016086 400
225 64016117 400
226 64016155 400
227 64016186 400
228 64016224 400
229 64016256 400
230 64016287 400
231 64016317 400
232 64016348 400
233 64016380 400
234 64016410 400
235 64016441 400
236 64016471 400
237 64016502 400
238 64016532 400
239 64016563 400
240 64016594 400
241 64016625 400
242 64016656 400
243 64016687 400
244 64016718 400
245 64016749 400
246 64016780 400
247 64016811 400
248 64016841 400
249 64016873 400
250 64016904 400
251 64016935 400
252 64016965 400
253 64016996 400
254 64017028 400
255 64017058 400
256 64017089 400
257 64017119 400
258 64017150 400
259 64017182 400
260 64017213 400
261 64017243 400
262 64017276 400
263 64017315 400
264 64017347 400
265 64017378 400
266 64017409 400
267 64017440 400
268 64017474 400
269 64017505 400
270 64017538 400
271 64017569 400
272 64017600 400
273 64017631 400
274 64017662 400
275 64017694 400
276 64017725 400
277 64017756 400
278 64017787 400
279 64017817 400
280 64017849 400
281 64017880 400
282 64017911 400
283 64017943 400
284 64017974 400
285 64018004 400
286 64018036 400
287 64018067 400
288 64018098 400
289 64018129 400
290 64018160 400
291 64018192 400
292 64018223 400
293 64018254 400
294 64018285 400
295 64018317 400
296 64018348 400
297 64018380 400
298 64018411 400
299 64018442 400
300 96017054 400
301 96017125 400
302 96017164 400
303 96017203 400
304 96017239 400
305 96017276 400
306 96017312 400
307 96017350 400
308 96017388 400
309 96017425 400
310 96017461 400
311 96017497 400
312 96017534 400
313 96017571 400
314 96017606 400
315 96017638 400
316 96017669 400
317 96017701 400
318 96017732 400
319 96017764 400
320 96017795 400
321 96017826 400
322 96017858 400
323 96017889 400
324 96017921 400
325 96017955 400
326 96017987 400
327 96018020 400
328 96018051 400
329 96018082 400
330 96018114 400
331 96018146 400
332 96018177 400
333 96018210 400
334 96018242 400
335 96018273 400
336 96018305 400
337 96018336 400
338 96018368 400
339 96018399 400
340 96018430 400
341 96018461 400
342 96018492 400
343 96018524 400
344 96018556 400
345 96018587 400
346 96018618 400
347 96018650 400
348 96018682 400
349 96018713 400
350 96018744 400
351 96018776 400
352 96018807 400
353 96018838 400
354 96018871 400
355 96018902 400
356 96018933 400
357 96018964 400
358 96018995 400
359 96019027 400
360 96019059 400
361 96019090 400
362 96019122 400
363 96019153 400
364 96019185 400
365 96019217 400
366 96019248 400
367 96019283 400
368 96019315 400
369 96019347 400
370 96019379 400
371 96019410 400
372 96019442 400
373 96019473 400
374 96019506 400
375 96019537 400
376 96019569 400
377 96019600 400
378 96019632 400
379 96019663 400
380 96019695 400
381 96019726 400
382 96019757 400
383 96019789 400
384 96019821 400
385 96019853 400
386 96019884 400
387 96019915 400
388 96019946 400
389 96019977 400
390 96020009 400
391 96020041 400
392 96020072 400
393 96020103 400
394 96020134 400
395 96020172 400
396 96020203 400
397 96020234 400
398 96020264 400
399 96020295 400
400 128018874 400
401 128018947 400
402 128018987 400
403 128019025 400
404 128019063 400
405 128019102 400
406 128019139 400
407 128019176 400
408 128019213 400
409 128019251 400
410 128019290 400
411 128019328 400
412 128019365 400
413 128019403 400
414 128019441 400
415 128019479 400
416 128019515 400
417 128019548 400
418 128019580 400
419 128019613 400
420 128019644 400
421 128019676 400
422 128019708 400
423 128019740 400
424 128019773 400
425 128019805 400
426 128019837 400
427 128019869 400
428 128019901 400
429 128019933 400
430 128019965 400
431 128019997 400
432 128020029 400
433 128020062 400
434 128020093 400
435 128020125 400
436 128020164 400
437 128020196 400
438 128020230 400
439 128020262 400
440 128020294 400
441 128020326 400
442 128020359 400
443 128020391 400
444 128020423 400
445 128020455 400
446 128020487 400
447 128020520 400
448 128020598 400
449 128020632 400
450 128020665 400
451 128020697 400
452 128020730 400
453 128020761 400
454 128020799 400
455 128020831 400
456 128020863 400
457 128020895 400
458 128020927 400
459 128020959 400
460 128020991 400
461 128021023 400
462 128021054 400
463 128021086 400
464 128021118 400
465 128021150 400
466 128021183 400
467 128021215 400
468 128021247 400
469 128021278 400
470 128021311 400
471 128021343 400
472 128021374 400
473 128021406 400
474 128021437 400
475 128021470 400
476 128021502 400
477 128021535 400
478 128021567 400
479 128021599 400
480 128021631 400
481 128021663 400
482 128021695 400
483 128021726 400
484 128021759 400
485 128021790 400
486 128021822 400
487 128021854 400
488 128021885 400
489 128021918 400
490 128021950 400
491 128021982 400
492 128022013 400
493 128022044 400
494 128022077 400
495 128022109 400
496 128022140 400
497 128022172 400
498 128022204 400
499 128022236 400
500 160020805 400
501 160020874 400
502 160020911 400
503 160020953 400
504 160020989 400
505 160021025 400
506 160021061 400
507 160021097 400
508 160021133 400
509 160021169 400
510 160021204 400
511 160021239 400
512 160021275 400
513 160021310 400
514 160021345 400
515 160021380 400
516 160021415 400
517 160021452 400
518 160021487 400
519 160021522 400
520 160021557 400
521 160021591 400
522 160021628 400
523 160021663 400
524 160021697 400
525 160021744 400
526 160021779 400
527 160021814 400
528 160022356 400
529 160022410 400
530 160022445 400
531 160022480 400
532 160022513 400
533 160022546 400
534 160022579 400
535 160022612 400
536 160022646 400
537 160022678 400
538 160022710 400
539 160022742 400
540 160022776 400
541 160022808 400
542 160022841 400
543 160022873 400
544 160022905 400
545 160022938 400
546 160022971 400
547 160023004 400
548 160023036 400
549 160023070 400
550 160023102 400
551 160023134 400
552 160023166 400
553 160023198 400
554 160023230 400
555 160023262 400
556 160023294 400
557 160023325 400
558 160023356 400
559 160023388 400
560 160023419 400
561 160023449 400
562 160023480 400
563 160023511 400
564 160023542 400
565 160023573 400
566 160023603 400
567 160023634 400
568 160023666 400
569 160023697 400
570 160023728 400
571 160023759 400
572 160023789 400
573 160023821 400
574 160023852 400
575 160023883 400
576 160023913 400
577 160023945 400
578 160023976 400
579 160024007 400
580 160024037 400
581 160024068 400
582 160024099 400
583 160024130 400
584 160024167 400
585 160024197 400
586 160024227 400
587 160024258 400
588 160024289 400
589 160024320 400
590 160024351 400
591 160024382 400
592 160024413 400
593 160024444 400
594 160024474 400
595 160024505 400
596 160024537 400
597 160024567 400
598 160024598 400
599 160024628 400
600 192023483 400
601 192023555 400
602 192023593 400
603 192023629 400
604 192023665 400
605 192023706 400
606 192023774 400
607 192023828 400
608 192023892 400
609 192023947 400
610 192024002 400
611 192024059 400
612 192024110 400
613 192024166 400
614 192024218 400
615 192024268 400
616 192024317 400
617 192024364 400
618 192024412 400
619 192024463 400
620 192024514 400
621 192024562 400
622 192024611 400
623 192024660 400
624 192024711 400
625 192024759 400
626 192024807 400
627 192024855 400
628 192024906 400
629 192024955 400
630 192025005 400
631 192025054 400
632 192025101 400
633 192025150 400
634 192025198 400
635 192025245 400
636 192025289 400
637 192025334 400
638 192025381 400
639 192025427 400
640 192025472 400
641 192025518 400
642 192025564 400
643 192025609 400
644 192025655 400
645 192025700 400
646 192025745 400
647 192025791 400
648 192025837 400
649 192025884 400
650 192025930 400
651 192025978 400
652 192026031 400
653 192026072 400
654 192026103 400
655 192026134 400
656 192026166 400
657 192026196 400
658 192026226 400
659 192026257 400
660 192026287 400
661 192026319 400
662 192026349 400
663 192026382 400
664 192026413 400
665 192026443 400
666 192026475 400
667 192026506 400
668 192026536 400
669 192026567 400
670 192026598 400
671 192026629 400
672 192026659 400
673 192026689 400
674 192026720 400
675 192026751 400
676 192026782 400
677 192026813 400
678 192026843 400
679 192026874 400
680 192026906 400
681 192026959 400
682 192027006 400
683 192027054 400
684 192027103 400
685 192027152 400
686 192027201 400
687 192027251 400
688 192027301 400
689 192027348 400
690 192027395 400
691 192027444 400
692 192027493 400
693 192027543 400
694 192027590 400
695 192027638 400
696 192027684 400
697 192027734 400
698 192027782 400
699 192027830 400
700 224025324 400
701 224025391 400
702 224025431 400
703 224025466 400
704 224025500 400
705 224025534 400
706 224025570 400
707 224025604 400
708 224025636 400
709 224025670 400
710 224025705 400
711 224025740 400
712 224025773 400
713 224025805 400
714 224025838 400
715 224025870 400
716 224025903 400
717 224025936 400
718 224025970 400
719 224026002 400
720 224026035 400
721 224026069 400
722 224026118 400
723 224026155 400
724 224026192 400
725 224026226 400
726 224026260 400
727 224026294 400
728 224026328 400
729 224026360 400
730 224026399 400
731 224026433 400
732 224026466 400
733 224026499 400
734 224026533 400
735 224026565 400
736 224026593 400
737 224026621 400
738 224026649 400
739 224026678 400
740 224026706 400
741 224026734 400
742 224026763 400
743 224026791 400
744 224026821 400
745 224026850 400
746 224026878 400
747 224026906 400
748 224026935 400
749 224026963 400
750 224026992 400
751 224027020 400
752 224027048 400
753 224027077 400
754 224027105 400
755 224027133 400
756 224027177 400
757 224027220 400
758 224027266 400
759 224027311 400
760 224027355 400
761 224027398 400
762 224027443 400
763 224027589 400
764 224027636 400
765 224027666 400
766 224027694 400
767 224027725 400
768 224027753 400
769 224027781 400
770 224027809 400
771 224027837 400
772 224027866 400
773 224027893 400
774 224027921 400
775 224027949 400
776 224027978 400
777 224028005 400
778 224028033 400
779 224028061 400
780 224028088 400
781 224028117 400
782 224028152 400
783 224028180 400
784 224028208 400
785 224028236 400
786 224028264 400
787 224028292 400
788 224028321 400
789 224028348 400
790 224028377 400
791 224028404 400
792 224028431 400
793 224028459 400
794 224028486 400
795 224028514 400
796 224028542 400
797 224028582 400
798 224028609 400
799 224028637 400
800 256027817 400
801 256027900 400
802 256027952 400
803 256028000 400
804 256028064 400
805 256028120 400
806 256028183 400
807 256028285 400
808 256028338 400
809 256028391 400
810 256028438 400
811 256028488 400
812 256028539 400
813 256028591 400
814 256028638 400
815 256028685 400
816 256028734 400
817 256028787 400
818 256028838 400
819 256028884 400
820 256028933 400
821 256028966 400
822 256028994 400
823 256029024 400
824 256029052 400
825 256029080 400
826 256029107 400
827 256029136 400
828 256029164 400
829 256029192 400
830 256029220 400
831 256029248 400
832 256029277 400
833 256029305 400
834 256029333 400
835 256029361 400
836 256029389 400
837 256029417 400
838 256029446 400
839 256029473 400
840 256029501 400
841 256029530 400
842 256029558 400
843 256029586 400
844 256029614 400
845 256029641 400
846 256029670 400
847 256029699 400
848 256029727 400
849 256029755 400
850 256029782 400
851 256029811 400
852 256029839 400
853 256029866 400
854 256029894 400
855 256029923 400
856 256029950 400
857 256029978 400
858 256030006 400
859 256030033 400
860 256030062 400
861 256030090 400
862 256030117 400
863 256030145 400
864 256030173 400
865 256030201 400
866 256030229 400
867 256030256 400
868 256030284 400
869 256030314 400
870 256030341 400
871 256030369 400
872 256030396 400
873 256030424 400
874 256030453 400
875 256030480 400
876 256030507 400
877 256030535 400
878 256030562 400
879 256030590 400
880 256030616 400
881 256030644 400
882 256030671 400
883 256030700 400
884 256030727 400
885 256030754 400
886 256030782 400
887 256030809 400
888 256030837 400
889 256030865 400
890 256030892 400
891 256030919 400
892 256030947 400
893 256030974 400
894 256031001 400
895 256031028 400
896 256031055 400
897 256031083 400
898 256031111 400
899 256031138 400
900 288029462 400
901 288029524 400
902 288029554 400
903 288029578 400
904 288029604 400
905 288029628 400
906 288029652 400
907 288029675 400
908 288029699 400
909 288029723 400
910 288029746 400
911 288029769 400
912 288029792 400
913 288029815 400
914 288029838 400
915 288029861 400
916 288029885 400
917 288029908 400
918 288029931 400
919 288029954 400
920 288029978 400
921 288030000 400
922 288030023 400
923 288030046 400
924 288030069 400
925 288030093 400
926 288030115 400
927 288030138 400
928 288030161 400
929 288030184 400
930 288030209 400
931 288030232 400
932 288030254 400
933 288030277 400
934 288030302 400
935 288030325 400
936 288030348 400
937 288030371 400
938 288030393 400
939 288030418 400
940 288030440 400
941 288030463 400
942 288030486 400
943 288030509 400
944 288030532 400
945 288030555 400
946 288030578 400
947 288030601 400
948 288030624 400
949 288030647 400
950 288030670 400
951 288030693 400
952 288030715 400
953 288030739 400
954 288030762 400
955 288030785 400
956 288030808 400
957 288030831 400
958 288030856 400
959 288030879 400
960 288030902 400
961 288030924 400
962 288030949 400
963 288030971 400
964 288030994 400
965 288031017 400
966 288031199 400
967 288031244 400
968 288031270 400
969 288031293 400
970 288031317 400
971 288031340 400
972 288031365 400
973 288031388 400
974 288031411 400
975 288031434 400
976 288031458 400
977 288031481 400
978 288031505 400
979 288031528 400
980 288031551 400
981 288031575 400
982 288031598 400
983 288031622 400
984 288031645 400
985 288031668 400
986 288031692 400
987 288031715 400
988 288031738 400
989 288031761 400
990 288031785 400
991 288031808 400
992 288031831 400
993 288031854 400
994 288031878 400
995 288031901 400
996 288031924 400
997 288031955 400
998 288031979 400
999 288032001 400
1000 320030832 400
1001 320030893 400
1002 320030922 400
1003 320030946 400
1004 320030973 400
1005 320030997 400
1006 320031020 400
1007 320031044 400
1008 320031067 400
1009 320031091 400
1010 320031114 400
1011 320031137 400
1012 320031161 400
1013 320031183 400
1014 320031207 400
1015 320031231 400
1016 320031254 400
1017 320031277 400
1018 320031301 400
1019 320031324 400
1020 320031347 400
1021 320031370 400
1022 320031392 400
1023 320031416 400
1024 320031439 400
1025 320031462 400
1026 320031485 400
1027 320031510 400
1028 320031533 400
1029 320031556 400
1030 320031579 400
1031 320031602 400
1032 320031626 400
1033 320031649 400
1034 320031672 400
1035 320031694 400
1036 320031717 400
1037 320031741 400
1038 320031764 400
1039 320031787 400
1040 320031810 400
1041 320031834 400
1042 320031857 400
1043 320031880 400
1044 320031903 400
1045 320031926 400
1046 320031951 400
1047 320031974 400
1048 320031996 400
1049 320032019 400
1050 320032042 400
1051 320032089 400
1052 320032121 400
1053 320032162 400
1054 320032194 400
1055 320032231 400
1056 320032266 400
1057 320032300 400
1058 320032334 400
1059 320032367 400
1060 320032476 400
1061 320032521 400
1062 320032555 400
1063 320032588 400
1064 320032617 400
1065 320032642 400
1066 320032665 400
1067 320032688 400
1068 320032711 400
1069 320032735 400
1070 320032758 400
1071 320032781 400
1072 320032803 400
1073 320032835 400
1074 320032858 400
1075 320032881 400
1076 320032903 400
1077 320032925 400
1078 320032948 400
1079 320032970 400
1080 320032992 400
1081 320033014 400
1082 320033036 400
1083 320033059 400
1084 320033081 400
1085 320033103 400
1086 320033125 400
1087 320033147 400
1088 320033169 400
1089 320033191 400
1090 320033213 400
1091 320033235 400
1092 320033258 400
1093 320033280 400
1094 320033302 400
1095 320033324 400
1096 320033345 400
1097 320033369 400
1098 320033390 400
1099 320033412 400
1100 352032178 400
1101 352032240 400
1102 352032275 400
1103 352032305 400
1104 352032335 400
1105 352032363 400
1106 352032394 400
1107 352032423 400
1108 352032451 400
1109 352032475 400
1110 352032498 400
1111 352032522 400
1112 352032566 400
1113 352032599 400
1114 352032630 400
1115 352032661 400
1116 352032692 400
1117 352032723 400
1118 352032752 400
1119 352032782 400
1120 352032812 400
1121 352032841 400
1122 352032870 400
1123 352032898 400
1124 352032927 400
1125 352032957 400
1126 352032988 400
1127 352033016 400
1128 352033045 400
1129 352033073 400
1130 352033103 400
1131 352033132 400
1132 352033160 400
1133 352033189 400
1134 352033218 400
1135 352033246 400
1136 352033274 400
1137 352033302 400
1138 352033330 400
1139 352033359 400
1140 352033387 400
1141 352033415 400
1142 352033443 400
1143 352033471 400
1144 352033500 400
1145 352033528 400
1146 352033556 400
1147 352033584 400
1148 352033613 400
1149 352033640 400
1150 352033668 400
1151 352033695 400
1152 352033723 400
1153 352033752 400
1154 352033780 400
1155 352033808 400
1156 352033837 400
1157 352033865 400
1158 352033894 400
1159 352033922 400
1160 352033950 400
1161 352033978 400
1162 352034006 400
1163 352034034 400
1164 352034062 400
1165 352034090 400
1166 352034118 400
1167 352034147 400
1168 352034175 400
1169 352034202 400
1170 352034230 400
1171 352034258 400
1172 352034287 400
1173 352034315 400
1174 352034343 400
1175 352034370 400
1176 352034401 400
1177 352034429 400
1178 352034457 400
1179 352034485 400
1180 352034512 400
1181 352034541 400
1182 352034569 400
1183 352034596 400
1184 352034624 400
1185 352034652 400
1186 352034681 400
1187 352034709 400
1188 352034736 400
1189 352034764 400
1190 352034793 400
1191 352034821 400
1192 352034848 400
1193 352034876 400
1194 352034904 400
1195 352034933 400
1196 352034961 400
1197 352034988 400
1198 352035016 400
1199 352035044 400
1200 384033708 400
1201 384033772 400
1202 384033804 400
1203 384033834 400
1204 384033861 400
1205 384033885 400
1206 384033908 400
1207 384033931 400
1208 384033954 400
1209 384033977 400
1210 384034000 400
1211 384034022 400
1212 384034045 400
1213 384034068 400
1214 384034091 400
1215 384034113 400
1216 384034136 400
1217 384034159 400
1218 384034183 400
1219 384034206 400
1220 384034228 400
1221 384034250 400
1222 384034272 400
1223 384034295 400
1224 384034318 400
1225 384034340 400
1226 384034362 400
1227 384034385 400
1228 384034408 400
1229 384034430 400
1230 384034452 400
1231 384034474 400
1232 384034498 400
1233 384034520 400
1234 384034542 400
1235 384034565 400
1236 384034587 400
1237 384034610 400
1238 384034632 400
1239 384034654 400
1240 384034677 400
1241 384034700 400
1242 384034723 400
1243 384034746 400
1244 384034768 400
1245 384034790 400
1246 384034814 400
1247 384034836 400
1248 384034880 400
1249 384034911 400
1250 384034948 400
1251 384034982 400
1252 384035015 400
1253 384035049 400
1254 384035084 400
1255 384035122 400
1256 384035158 400
1257 384035193 400
1258 384035226 400
1259 384035260 400
1260 384035402 400
1261 384035436 400
1262 384035460 400
1263 384035483 400
1264 384035505 400
1265 384035529 400
1266 384035551 400
1267 384035574 400
1268 384035595 400
1269 384035621 400
1270 384035643 400
1271 384035664 400
1272 384035686 400
1273 384035708 400
1274 384035731 400
1275 384035753 400
1276 384035775 400
1277 384035797 400
1278 384035819 400
1279 384035842 400
1280 384035864 400
1281 384035886 400
1282 384035907 400
1283 384035930 400
1284 384035952 400
1285 384035973 400
1286 384035995 400
1287 384036017 400
1288 384036039 400
1289 384036061 400
1290 384036083 400
1291 384036104 400
1292 384036126 400
1293 384036156 400
1294 384036178 400
1295 384036200 400
1296 384036221 400
1297 384036244 400
1298 384036265 400
1299 384036287 400
1300 416035156 400
1301 416035211 400
1302 416035239 400
1303 416035262 400
1304 416035286 400
1305 416035308 400
1306 416035331 400
1307 416035354 400
1308 416035377 400
1309 416035399 400
1310 416035421 400
1311 416035445 400
1312 416035467 400
1313 416035489 400
1314 416035511 400
1315 416035534 400
1316 416035557 400
1317 416035579 400
1318 416035601 400
1319 416035623 400
1320 416035645 400
1321 416035676 400
1322 416035698 400
1323 416035719 400
1324 416035741 400
1325 416035763 400
1326 416035785 400
1327 416035806 400
1328 416035828 400
1329 416035849 400
1330 416035871 400
1331 416035892 400
1332 416035913 400
1333 416035934 400
1334 416035956 400
1335 416035977 400
1336 416035999 400
1337 416036021 400
1338 416036042 400
1339 416036064 400
1340 416036087 400
1341 416036109 400
1342 416036130 400
1343 416036167 400
1344 416036200 400
1345 416036221 400
1346 416036242 400
1347 416036264 400
1348 416036286 400
1349 416036307 400
1350 416036328 400
1351 416036349 400
1352 416036371 400
1353 416036393 400
1354 416036414 400
1355 416036436 400
1356 416036457 400
1357 416036747 400
1358 416036790 400
1359 416036815 400
1360 416036838 400
1361 416036861 400
1362 416036884 400
1363 416036906 400
1364 416036929 400
1365 416036951 400
1366 416036973 400
1367 416036997 400
1368 416037020 400
1369 416037042 400
1370 416037064 400
1371 416037086 400
1372 416037117 400
1373 416037139 400
1374 416037160 400
1375 416037181 400
1376 416037203 400
1377 416037224 400
1378 416037245 400
1379 416037267 400
1380 416037288 400
1381 416037310 400
1382 416037331 400
1383 416037352 400
1384 416037373 400
1385 416037394 400
1386 416037416 400
1387 416037437 400
1388 416037458 400
1389 416037479 400
1390 416037502 400
1391 416037525 400
1392 416037546 400
1393 416037567 400
1394 416037588 400
1395 416037611 400
1396 416037632 400
1397 416037661 400
1398 416037683 400
1399 416037705 400
1400 448036410 400
1401 448036495 400
1402 448036545 400
1403 448036590 400
1404 448036638 400
1405 448036683 400
1406 448036729 400
1407 448036773 400
1408 448036817 400
1409 448036863 400
1410 448036908 400
1411 448036952 400
1412 448036996 400
1413 448037039 400
1414 448037085 400
1415 448037129 400
1416 448037172 400
1417 448037215 400
1418 448037260 400
1419 448037303 400
1420 448037346 400
1421 448037390 400
1422 448037433 400
1423 448037478 400
1424 448037522 400
1425 448037565 400
1426 448037609 400
1427 448037653 400
1428 448037698 400
1429 448037742 400
1430 448037785 400
1431 448037827 400
1432 448037873 400
1433 448037916 400
1434 448037943 400
1435 448037966 400
1436 448037989 400
1437 448038013 400
1438 448038035 400
1439 448038058 400
1440 448038080 400
1441 448038102 400
1442 448038125 400
1443 448038147 400
1444 448038169 400
1445 448038191 400
1446 448038215 400
1447 448038236 400
1448 448038259 400
1449 448038281 400
1450 448038303 400
1451 448038338 400
1452 448038361 400
1453 448038383 400
1454 448038405 400
1455 448038427 400
1456 448038450 400
1457 448038472 400
1458 448038494 400
1459 448038516 400
1460 448038540 400
1461 448038561 400
1462 448038583 400
1463 448038605 400
1464 448038627 400
1465 448038650 400
1466 448038672 400
1467 448038694 400
1468 448038716 400
1469 448038740 400
1470 448038762 400
1471 448038784 400
1472 448038809 400
1473 448038831 400
1474 448038854 400
1475 448038876 400
1476 448038897 400
1477 448038919 400
1478 448038941 400
1479 448038966 400
1480 448038988 400
1481 448039010 400
1482 448039032 400
1483 448039054 400
1484 448039076 400
1485 448039098 400
1486 448039120 400
1487 448039141 400
1488 448039164 400
1489 448039186 400
1490 448039207 400
1491 448039230 400
1492 448039253 400
1493 448039275 400
1494 448039297 400
1495 448039319 400
1496 448039341 400
1497 448039363 400
1498 448039385 400
1499 448039406 400
1500 480037729 400
1501 480037813 400
1502 480037863 400
1503 480037908 400
1504 480037953 400
1505 480038000 400
1506 480038046 400
1507 480038089 400
1508 480038134 400
1509 480038179 400
1510 480038223 400
1511 480038266 400
1512 480038309 400
1513 480038353 400
1514 480038398 400
1515 480038441 400
1516 480038484 400
1517 480038528 400
1518 480038574 400
1519 480038617 400
1520 480038660 400
1521 480038704 400
1522 480038747 400
1523 480038792 400
1524 480038836 400
1525 480038879 400
1526 480038921 400
1527 480038964 400
1528 480039008 400
1529 480039051 400
1530 480039094 400
1531 480039137 400
1532 480039182 400
1533 480039224 400
1534 480039251 400
1535 480039274 400
1536 480039297 400
1537 480039321 400
1538 480039345 400
1539 480039368 400
1540 480039390 400
1541 480039413 400
1542 480039436 400
1543 480039458 400
1544 480039480 400
1545 480039503 400
1546 480039526 400
1547 480039548 400
1548 480039571 400
1549 480039593 400
1550 480039623 400
1551 480039647 400
1552 480039669 400
1553 480039691 400
1554 480039713 400
1555 480039735 400
1556 480039758 400
1557 480039780 400
1558 480039802 400
1559 480039824 400
1560 480039847 400
1561 480039868 400
1562 480039890 400
1563 480039911 400
1564 480039933 400
1565 480039955 400
1566 480039977 400
1567 480039999 400
1568 480040021 400
1569 480040043 400
1570 480040066 400
1571 480040088 400
1572 480040109 400
1573 480040131 400
1574 480040163 400
1575 480040185 400
1576 480040206 400
1577 480040228 400
1578 480040250 400
1579 480040273 400
1580 480040295 400
1581 480040317 400
1582 480040339 400
1583 480040361 400
1584 480040383 400
1585 480040405 400
1586 480040427 400
1587 480040449 400
1588 480040471 400
1589 480040493 400
1590 480040515 400
1591 480040537 400
1592 480040559 400
1593 480040581 400
1594 480040603 400
1595 480040624 400
1596 480040646 400
1597 480040667 400
1598 480040690 400
1599 480040712 400
1600 512039042 400
1601 512039122 400
1602 512039180 400
1603 512039221 400
1604 512039262 400
1605 512039304 400
1606 512039345 400
1607 512039394 400
1608 512039436 400
1609 512039477 400
1610 512039519 400
1611 512039561 400
1612 512039605 400
1613 512039645 400
1614 512039685 400
1615 512039726 400
1616 512039768 400
1617 512039809 400
1618 512039849 400
1619 512039889 400
1620 512039930 400
1621 512039973 400
1622 512040013 400
1623 512040053 400
1624 512040093 400
1625 512040133 400
1626 512040184 400
1627 512040226 400
1628 512040267 400
1629 512040307 400
1630 512040350 400
1631 512040391 400
1632 512040432 400
1633 512040460 400
1634 512040483 400
1635 512040506 400
1636 512040528 400
1637 512040549 400
1638 512040571 400
1639 512040593 400
1640 512040614 400
1641 512040636 400
1642 512040657 400
1643 512040678 400
1644 512040701 400
1645 512040722 400
1646 512040744 400
1647 512040776 400
1648 512040797 400
1649 512040820 400
1650 512040896 400
1651 512040942 400
1652 512040981 400
1653 512041003 400
1654 512041024 400
1655 512041045 400
1656 512041066 400
1657 512041088 400
1658 512041109 400
1659 512041130 400
1660 512041151 400
1661 512041171 400
1662 512041193 400
1663 512041214 400
1664 512041235 400
1665 512041255 400
1666 512041277 400
1667 512041298 400
1668 512041318 400
1669 512041339 400
1670 512041359 400
1671 512041380 400
1672 512041401 400
1673 512041421 400
1674 512041441 400
1675 512041461 400
1676 512041482 400
1677 512041502 400
1678 512041523 400
1679 512041543 400
1680 512041564 400
1681 512041585 400
1682 512041605 400
1683 512041625 400
1684 512041645 400
1685 512041667 400
1686 512041687 400
1687 512041707 400
1688 512041727 400
1689 512041748 400
1690 512041769 400
1691 512041789 400
1692 512041809 400
1693 512041829 400
1694 512041850 400
1695 512041870 400
1696 512041890 400
1697 512041911 400
1698 512041931 400
1699 512041952 400
1700 544040348 400
1701 544040407 400
1702 544040423 400
1703 544040441 400
1704 544040457 400
1705 544040471 400
1706 544040485 400
1707 544040499 400
1708 544040515 400
1709 544040529 400
1710 544040543 400
1711 544040557 400
1712 544040571 400
1713 544040586 400
1714 544040599 400
1715 544040615 400
1716 544040628 400
1717 544040643 400
1718 544040656 400
1719 544040670 400
1720 544040683 400
1721 544040697 400
1722 544040712 400
1723 544040725 400
1724 544040738 400
1725 544040752 400
1726 544040765 400
1727 544040780 400
1728 544040793 400
1729 544040806 400
1730 544040820 400
1731 544040834 400
1732 544040856 400
1733 544040869 400
1734 544040883 400
1735 544040896 400
1736 544040910 400
1737 544040923 400
1738 544040936 400
1739 544040949 400
1740 544040962 400
1741 544040976 400
1742 544040989 400
1743 544041002 400
1744 544041015 400
1745 544041029 400
1746 544041042 400
1747 544041055 400
1748 544041068 400
1749 544041081 400
1750 544041095 400
1751 544041108 400
1752 544041121 400
1753 544041134 400
1754 544041147 400
1755 544041161 400
1756 544041174 400
1757 544041187 400
1758 544041200 400
1759 544041215 400
1760 544041228 400
1761 544041241 400
1762 544041254 400
1763 544041267 400
1764 544041281 400
1765 544041294 400
1766 544041307 400
1767 544041319 400
1768 544041333 400
1769 544041347 400
1770 544041360 400
1771 544041373 400
1772 544041386 400
1773 544041400 400
1774 544041414 400
1775 544041427 400
1776 544041440 400
1777 544041453 400
1778 544041467 400
1779 544041480 400
1780 544041493 400
1781 544041506 400
1782 544041519 400
1783 544041533 400
1784 544041546 400
1785 544041559 400
1786 544041572 400
1787 544041586 400
1788 544041599 400
1789 544041612 400
1790 544041625 400
1791 544041637 400
1792 544041651 400
1793 544041664 400
1794 544041677 400
1795 544041690 400
1796 544041703 400
1797 544041717 400
1798 544041730 400
1799 544041743 400
1800 576040990 400
1801 576041039 400
1802 576041050 400
1803 576041061 400
1804 576041070 400
1805 576041079 400
1806 576041089 400
1807 576041098 400
1808 576041107 400
1809 576041116 400
1810 576041125 400
1811 576041135 400
1812 576041144 400
1813 576041153 400
1814 576041162 400
1815 576041172 400
1816 576041182 400
1817 576041192 400
1818 576041201 400
1819 576041211 400
1820 576041221 400
1821 576041230 400
1822 576041242 400
1823 576041251 400
1824 576041261 400
1825 576041271 400
1826 576041280 400
1827 576041289 400
1828 576041298 400
1829 576041310 400
1830 576041319 400
1831 576041328 400
1832 576041337 400
1833 576041347 400
1834 576041357 400
1835 576041366 400
1836 576041375 400
1837 576041384 400
1838 576041394 400
1839 576041403 400
1840 576041412 400
1841 576041422 400
1842 576041431 400
1843 576041441 400
1844 576041450 400
1845 576041459 400
1846 576041468 400
1847 576041477 400
1848 576041487 400
1849 576041497 400
1850 576041506 400
1851 576041515 400
1852 576041534 400
1853 576041543 400
1854 576041552 400
1855 576041561 400
1856 576041569 400
1857 576041579 400
1858 576041588 400
1859 576041597 400
1860 576041606 400
1861 576041615 400
1862 576041625 400
1863 576041633 400
1864 576041643 400
1865 576041652 400
1866 576041661 400
1867 576041670 400
1868 576041679 400
1869 576041688 400
1870 576041697 400
1871 576041707 400
1872 576041716 400
1873 576041725 400
1874 576041733 400
1875 576041742 400
1876 576041753 400
1877 576041762 400
1878 576041771 400
1879 576041780 400
1880 576041790 400
1881 576041798 400
1882 576041807 400
1883 576041816 400
1884 576041825 400
1885 576041835 400
1886 576041844 400
1887 576041852 400
1888 576041861 400
1889 576041869 400
1890 576041878 400
1891 576041886 400
1892 576041895 400
1893 576041903 400
1894 576041913 400
1895 576041921 400
1896 576041929 400
1897 576041937 400
1898 576041946 400
1899 576041955 400
1900 608041606 400
1901 608041653 400
1902 608041666 400
1903 608041676 400
1904 608041687 400
1905 608041696 400
1906 608041705 400
1907 608041714 400
1908 608041724 400
1909 608041733 400
1910 608041742 400
1911 608041751 400
1912 608041760 400
1913 608041770 400
1914 608041779 400
1915 608041789 400
1916 608041798 400
1917 608041807 400
1918 608041818 400
1919 608041827 400
1920 608041836 400
1921 608041845 400
1922 608041855 400
1923 608041865 400
1924 608041874 400
1925 608041883 400
1926 608041892 400
1927 608041902 400
1928 608041912 400
1929 608041921 400
1930 608041930 400
1931 608041939 400
1932 608041949 400
1933 608041959 400
1934 608041968 400
1935 608041977 400
1936 608041987 400
1937 608041997 400
1938 608042006 400
1939 608042015 400
1940 608042024 400
1941 608042034 400
1942 608042044 400
1943 608042053 400
1944 608042062 400
1945 608042072 400
1946 608042082 400
1947 608042091 400
1948 608042100 400
1949 608042109 400
1950 608042119 400
1951 608042129 400
1952 608042147 400
1953 608042156 400
1954 608042165 400
1955 608042175 400
1956 608042184 400
1957 608042193 400
1958 608042202 400
1959 608042210 400
1960 608042221 400
1961 608042230 400
1962 608042239 400
1963 608042247 400
1964 608042257 400
1965 608042266 400
1966 608042275 400
1967 608042284 400
1968 608042293 400
1969 608042303 400
1970 608042312 400
1971 608042320 400
1972 608042329 400
1973 608042339 400
1974 608042348 400
1975 608042358 400
1976 608042367 400
1977 608042376 400
1978 608042385 400
1979 608042394 400
1980 608042403 400
1981 608042412 400
1982 608042421 400
1983 608042431 400
1984 608042440 400
1985 608042449 400
1986 608042457 400
1987 608042467 400
1988 608042476 400
1989 608042485 400
1990 608042494 400
1991 608042503 400
1992 608042512 400
1993 608042521 400
1994 608042530 400
1995 608042539 400
1996 608042548 400
1997 608042558 400
1998 608042567 400
1999 608042576 400
2000 640042235 400
2001 640042284 400
2002 640042296 400
2003 640042305 400
2004 640042316 400
2005 640042325 400
2006 640042336 400
2007 640042345 400
2008 640042354 400
2009 640042363 400
2010 640042372 400
2011 640042382 400
2012 640042391 400
2013 640042400 400
2014 640042410 400
2015 640042421 400
2016 640042430 400
2017 640042439 400
2018 640042457 400
2019 640042466 400
2020 640042476 400
2021 640042485 400
2022 640042494 400
2023 640042503 400
2024 640042511 400
2025 640042522 400
2026 640042531 400
2027 640042540 400
2028 640042549 400
2029 640042559 400
2030 640042568 400
2031 640042576 400
2032 640042585 400
2033 640042594 400
2034 640042603 400
2035 640042612 400
2036 640042621 400
2037 640042630 400
2038 640042640 400
2039 640043543 400
2040 640043566 400
2041 640043577 400
2042 640043586 400
2043 640043597 400
2044 640043607 400
2045 640043616 400
2046 640043625 400
2047 640043634 400
2048 640043644 400
2049 640043653 400
2050 640043662 400
2051 640043671 400
2052 640043680 400
2053 640043690 400
2054 640043700 400
2055 640043709 400
2056 640043718 400
2057 640043728 400
2058 640043737 400
2059 640043746 400
2060 640043755 400
2061 640043765 400
2062 640043775 400
2063 640043784 400
2064 640043793 400
2065 640043802 400
2066 640043810 400
2067 640043820 400
2068 640043830 400
2069 640043839 400
2070 640043848 400
2071 640043867 400
2072 640043876 400
2073 640043884 400
2074 640043893 400
2075 640043903 400
2076 640043913 400
2077 640043922 400
2078 640043931 400
2079 640043940 400
2080 640043948 400
2081 640043958 400
2082 640043967 400
2083 640043976 400
2084 640043985 400
2085 640043995 400
2086 640044004 400
2087 640044013 400
2088 640044022 400
2089 640044030 400
2090 640044040 400
2091 640044049 400
2092 640044058 400
2093 640044066 400
2094 640044076 400
2095 640044084 400
2096 640044093 400
2097 640044102 400
2098 640044111 400
2099 640044120 400
2100 672042835 400
2101 672042884 400
2102 672042896 400
2103 672042905 400
2104 672042917 400
2105 672042927 400
2106 672042936 400
2107 672042945 400
2108 672042956 400
2109 672042965 400
2110 672042974 400
2111 672042982 400
2112 672042991 400
2113 672043002 400
2114 672043011 400
2115 672043021 400
2116 672043030 400
2117 672043048 400
2118 672043058 400
2119 672043067 400
2120 672043076 400
2121 672043084 400
2122 672043094 400
2123 672043103 400
2124 672043112 400
2125 672043121 400
2126 672043129 400
2127 672043139 400
2128 672043148 400
2129 672043157 400
2130 672043165 400
2131 672043174 400
2132 672043184 400
2133 672043193 400
2134 672043201 400
2135 672043210 400
2136 672043220 400
2137 672044132 400
2138 672044160 400
2139 672044171 400
2140 672044181 400
2141 672044192 400
2142 672044202 400
2143 672044211 400
2144 672044220 400
2145 672044229 400
2146 672044239 400
2147 672044248 400
2148 672044257 400
2149 672044267 400
2150 672044277 400
2151 672044286 400
2152 672044295 400
2153 672044304 400
2154 672044313 400
2155 672044323 400
2156 672044332 400
2157 672044341 400
2158 672044350 400
2159 672044359 400
2160 672044369 400
2161 672044379 400
2162 672044388 400
2163 672044397 400
2164 672044407 400
2165 672044416 400
2166 672044425 400
2167 672044434 400
2168 672044443 400
2169 672044454 400
2170 672044472 400
2171 672044481 400
2172 672044490 400
2173 672044499 400
2174 672044509 400
2175 672044518 400
2176 672044527 400
2177 672044536 400
2178 672044546 400
2179 672044555 400
2180 672044563 400
2181 672044572 400
2182 672044580 400
2183 672044590 400
2184 672044599 400
2185 672044608 400
2186 672044617 400
2187 672044625 400
2188 672044635 400
2189 672044644 400
2190 672044653 400
2191 672044662 400
2192 672044671 400
2193 672044680 400
2194 672044689 400
2195 672044698 400
2196 672044707 400
2197 672044717 400
2198 672044726 400
2199 672044735 400
2200 704043441 400
2201 704043486 400
2202 704043504 400
2203 704043521 400
2204 704043536 400
2205 704043551 400
2206 704043567 400
2207 704043580 400
2208 704043594 400
2209 704043608 400
2210 704043621 400
2211 704043636 400
2212 704043650 400
2213 704043663 400
2214 704043677 400
2215 704043690 400
2216 704043705 400
2217 704043719 400
2218 704043732 400
2219 704043746 400
2220 704043761 400
2221 704043774 400
2222 704043788 400
2223 704043801 400
2224 704043815 400
2225 704043829 400
2226 704043843 400
2227 704043856 400
2228 704043870 400
2229 704043885 400
2230 704043899 400
2231 704043912 400
2232 704043926 400
2233 704043939 400
2234 704043963 400
2235 704043976 400
2236 704043989 400
2237 704044002 400
2238 704044016 400
2239 704044030 400
2240 704044043 400
2241 704044056 400
2242 704044069 400
2243 704044083 400
2244 704044096 400
2245 704044110 400
2246 704044123 400
2247 704044136 400
2248 704044170 400
2249 704044193 400
2250 704044206 400
2251 704044219 400
2252 704044232 400
2253 704044249 400
2254 704044263 400
2255 704044276 400
2256 704044289 400
2257 704044303 400
2258 704044316 400
2259 704044329 400
2260 704044344 400
2261 704044357 400
2262 704044372 400
2263 704044385 400
2264 704044398 400
2265 704044411 400
2266 704044424 400
2267 704044439 400
2268 704044452 400
2269 704044465 400
2270 704044478 400
2271 704044492 400
2272 704044505 400
2273 704044518 400
2274 704044532 400
2275 704044545 400
2276 704044559 400
2277 704044572 400
2278 704044585 400
2279 704044599 400
2280 704044612 400
2281 704044626 400
2282 704044639 400
2283 704044652 400
2284 704044666 400
2285 704044680 400
2286 704044693 400
2287 704044706 400
2288 704044720 400
2289 704044733 400
2290 704044747 400
2291 704044760 400
2292 704044773 400
2293 704044786 400
2294 704044799 400
2295 704044814 400
2296 704044827 400
2297 704044840 400
2298 704044853 400
2299 704044867 400
2300 736044075 400
2301 736044135 400
2302 736044181 400
2303 736044207 400
2304 736044246 400
2305 736044263 400
2306 736044279 400
2307 736044295 400
2308 736044311 400
2309 736044348 400
2310 736044363 400
2311 736044379 400
2312 736044395 400
2313 736044412 400
2314 736044428 400
2315 736044444 400
2316 736044460 400
2317 736044476 400
2318 736044495 400
2319 736044511 400
2320 736044526 400
2321 736044542 400
2322 736044558 400
2323 736044576 400
2324 736044591 400
2325 736044607 400
2326 736044623 400
2327 736044640 400
2328 736044656 400
2329 736044672 400
2330 736044688 400
2331 736044704 400
2332 736044721 400
2333 736044737 400
2334 736044753 400
2335 736044768 400
2336 736044784 400
2337 736044802 400
2338 736044846 400
2339 736044864 400
2340 736044881 400
2341 736044900 400
2342 736044916 400
2343 736044933 400
2344 736044949 400
2345 736044965 400
2346 736044983 400
2347 736044999 400
2348 736045016 400
2349 736045028 400
2350 736045039 400
2351 736045048 400
2352 736045057 400
2353 736045066 400
2354 736045075 400
2355 736045085 400
2356 736045094 400
2357 736045103 400
2358 736045112 400
2359 736045121 400
2360 736045133 400
2361 736045142 400
2362 736045151 400
2363 736045160 400
2364 736045170 400
2365 736045179 400
2366 736045188 400
2367 736045198 400
2368 736045207 400
2369 736045217 400
2370 736045226 400
2371 736045236 400
2372 736045245 400
2373 736045253 400
2374 736045263 400
2375 736045272 400
2376 736045281 400
2377 736045290 400
2378 736045300 400
2379 736045310 400
2380 736045319 400
2381 736045328 400
2382 736045337 400
2383 736045347 400
2384 736045361 400
2385 736045370 400
2386 736045379 400
2387 736045388 400
2388 736045398 400
2389 736045407 400
2390 736045416 400
2391 736045425 400
2392 736045434 400
2393 736045444 400
2394 736045453 400
2395 736045462 400
2396 736045471 400
2397 736045481 400
2398 736045490 400
2399 736045501 400
2400 768044698 400
2401 768044752 400
2402 768044768 400
2403 768044783 400
2404 768044796 400
2405 768044810 400
2406 768044825 400
2407 768044838 400
2408 768044851 400
2409 768044863 400
2410 768044876 400
2411 768044891 400
2412 768044903 400
2413 768044916 400
2414 768044929 400
2415 768044941 400
2416 768044958 400
2417 768044970 400
2418 768044983 400
2419 768044996 400
2420 768045010 400
2421 768045022 400
2422 768045035 400
2423 768045048 400
2424 768045061 400
2425 768045075 400
2426 768045087 400
2427 768045100 400
2428 768045112 400
2429 768045125 400
2430 768045139 400
2431 768045152 400
2432 768045175 400
2433 768045188 400
2434 768045211 400
2435 768045233 400
2436 768045255 400
2437 768045268 400
2438 768045281 400
2439 768045295 400
2440 768045308 400
2441 768045320 400
2442 768045333 400
2443 768045346 400
2444 768045359 400
2445 768045372 400
2446 768045385 400
2447 768045397 400
2448 768045411 400
2449 768045424 400
2450 768045436 400
2451 768045449 400
2452 768045462 400
2453 768045475 400
2454 768045488 400
2455 768045501 400
2456 768045513 400
2457 768045526 400
2458 768045539 400
2459 768045552 400
2460 768045565 400
2461 768045577 400
2462 768045591 400
2463 768045604 400
2464 768045616 400
2465 768045629 400
2466 768045642 400
2467 768045657 400
2468 768045669 400
2469 768045693 400
2470 768045705 400
2471 768045718 400
2472 768045731 400
2473 768045744 400
2474 768045758 400
2475 768045770 400
2476 768045784 400
2477 768045796 400
2478 768045808 400
2479 768045821 400
2480 768045833 400
2481 768045846 400
2482 768045858 400
2483 768045871 400
2484 768045883 400
2485 768045897 400
2486 768045909 400
2487 768045921 400
2488 768045934 400
2489 768045946 400
2490 768045960 400
2491 768045972 400
2492 768045984 400
2493 768045997 400
2494 768046009 400
2495 768046022 400
2496 768046035 400
2497 768046047 400
2498 768046059 400
2499 768046073 400
2500 800045283 400
2501 800045323 400
2502 800045338 400
2503 800045354 400
2504 800045371 400
2505 800045384 400
2506 800045397 400
2507 800045410 400
2508 800045423 400
2509 800045437 400
2510 800045450 400
2511 800045463 400
2512 800045476 400
2513 800045491 400
2514 800045503 400
2515 800045516 400
2516 800045529 400
2517 800045542 400
2518 800045556 400
2519 800045569 400
2520 800045582 400
2521 800045594 400
2522 800045607 400
2523 800045620 400
2524 800045633 400
2525 800045646 400
2526 800045659 400
2527 800045673 400
2528 800045685 400
2529 800045698 400
2530 800045710 400
2531 800045723 400
2532 800045746 400
2533 800045758 400
2534 800045770 400
2535 800045782 400
2536 800045795 400
2537 800045808 400
2538 800045820 400
2539 800045833 400
2540 800045845 400
2541 800045859 400
2542 800045871 400
2543 800045883 400
2544 800045895 400
2545 800045908 400
2546 800045921 400
2547 800045934 400
2548 800045946 400
2549 800045958 400
2550 800045970 400
2551 800045984 400
2552 800045996 400
2553 800046008 400
2554 800046021 400
2555 800046034 400
2556 800046047 400
2557 800046059 400
2558 800046071 400
2559 800046084 400
2560 800046097 400
2561 800046110 400
2562 800046122 400
2563 800046134 400
2564 800046147 400
2565 800046160 400
2566 800046172 400
2567 800046185 400
2568 800046197 400
2569 800046212 400
2570 800046223 400
2571 800046236 400
2572 800046248 400
2573 800046260 400
2574 800046274 400
2575 800046286 400
2576 800046298 400
2577 800046311 400
2578 800046323 400
2579 800046336 400
2580 800046349 400
2581 800046361 400
2582 800046374 400
2583 800046388 400
2584 800046400 400
2585 800046412 400
2586 800046425 400
2587 800046437 400
2588 800046451 400
2589 800046462 400
2590 800046475 400
2591 800046487 400
2592 800046500 400
2593 800046514 400
2594 800046526 400
2595 800046538 400
2596 800046551 400
2597 800046564 400
2598 800046576 400
2599 800046589 400
