0 7848 400
1 8010 400
2 8092 400
3 8173 400
4 8252 400
5 8327 400
6 8404 400
7 8481 400
8 8559 400
9 8623 400
10 8686 400
11 8758 400
12 8831 400
13 8904 400
14 8978 400
15 9051 400
16 9130 400
17 9202 400
18 9274 400
19 9348 400
20 9431 400
21 9505 400
22 9577 400
23 9650 400
24 9725 400
25 9798 400
26 9871 400
27 9924 400
28 9969 400
29 10016 400
30 10057 400
31 10097 400
32 10138 400
33 10178 400
34 10230 400
35 10273 400
36 10313 400
37 10354 400
38 10395 400
39 10436 400
40 10478 400
41 10519 400
42 10560 400
43 10601 400
44 10642 400
45 10684 400
46 10725 400
47 10766 400
48 10807 400
49 10848 400
50 10890 400
51 10930 400
52 10971 400
53 11013 400
54 11054 400
55 11094 400
56 11136 400
57 11176 400
58 11216 400
59 11257 400
60 11306 400
61 11347 400
62 11387 400
63 11426 400
64 11466 400
65 11505 400
66 11546 400
67 11586 400
68 11626 400
69 11665 400
70 11704 400
71 11745 400
72 11785 400
73 11824 400
74 11863 400
75 11903 400
76 11964 400
77 12005 400
78 12045 400
79 12086 400
80 12127 400
81 12167 400
82 12209 400
83 12250 400
84 12290 400
85 12332 400
86 12373 400
87 12414 400
88 12455 400
89 12496 400
90 12536 400
91 12578 400
92 12620 400
93 12660 400
94 12701 400
95 12742 400
96 12782 400
97 12821 400
98 12862 400
99 12902 400
100 334583 400
101 334655 400
102 334703 400
103 334752 400
104 334797 400
105 334842 400
106 334886 400
107 334930 400
108 334975 400
109 335020 400
110 335066 400
111 335108 400
112 335152 400
113 335194 400
114 335238 400
115 335279 400
116 335323 400
117 335365 400
118 335410 400
119 335454 400
120 335498 400
121 335541 400
122 335586 400
123 335629 400
124 335675 400
125 335719 400
126 335768 400
127 335815 400
128 335868 400
129 335916 400
130 335960 400
131 336005 400
132 336049 400
133 336094 400
134 336649 400
135 336748 400
136 336829 400
137 336906 400
138 336982 400
139 337062 400
140 337139 400
141 337214 400
142 337288 400
143 337361 400
144 337442 400
145 337518 400
146 337591 400
147 337644 400
148 337686 400
149 337730 400
150 337773 400
151 337814 400
152 337854 400
153 337895 400
154 337935 400
155 337976 400
156 338017 400
157 338057 400
158 338097 400
159 338138 400
160 338179 400
161 338219 400
162 338260 400
163 338300 400
164 338341 400
165 338382 400
166 338423 400
167 338464 400
168 338504 400
169 338545 400
170 338585 400
171 338626 400
172 338672 400
173 338742 400
174 338814 400
175 338898 400
176 338960 400
177 339002 400
178 339043 400
179 339084 400
180 339124 400
181 339166 400
182 339206 400
183 339247 400
184 339287 400
185 339326 400
186 339377 400
187 339420 400
188 339461 400
189 339501 400
190 339541 400
191 339582 400
192 339623 400
193 339663 400
194 339703 400
195 339742 400
196 339781 400
197 339822 400
198 339861 400
199 339900 400
200 658489 400
201 658589 400
202 658662 400
203 658730 400
204 658797 400
205 658865 400
206 658931 400
207 658999 400
208 659063 400
209 659125 400
210 659188 400
211 659251 400
212 659316 400
213 659379 400
214 659442 400
215 659505 400
216 659568 400
217 659630 400
218 659695 400
219 659758 400
220 659819 400
221 659881 400
222 659943 400
223 660008 400
224 660071 400
225 660133 400
226 660195 400
227 660246 400
228 660284 400
229 660319 400
230 660355 400
231 660390 400
232 660424 400
233 660460 400
234 660495 400
235 660530 400
236 660565 400
237 660600 400
238 660634 400
239 660670 400
240 660705 400
241 660739 400
242 660774 400
243 660809 400
244 660845 400
245 660879 400
246 660914 400
247 660949 400
248 660983 400
249 661019 400
250 661054 400
251 661089 400
252 661124 400
253 661158 400
254 661194 400
255 661228 400
256 661262 400
257 661296 400
258 661331 400
259 661366 400
260 661401 400
261 661442 400
262 661476 400
263 661520 400
264 661556 400
265 661592 400
266 661628 400
267 661662 400
268 661697 400
269 661732 400
270 661768 400
271 661802 400
272 661837 400
273 661872 400
274 661907 400
275 661942 400
276 661977 400
277 662012 400
278 662047 400
279 662082 400
280 662118 400
281 662153 400
282 662187 400
283 662222 400
284 662257 400
285 662292 400
286 662327 400
287 662362 400
288 662397 400
289 662432 400
290 662470 400
291 662506 400
292 662541 400
293 662576 400
294 662610 400
295 662643 400
296 662678 400
297 662711 400
298 662745 400
299 662778 400
300 980184 400
301 980276 400
302 980347 400
303 980415 400
304 980484 400
305 980551 400
306 980619 400
307 980688 400
308 980751 400
309 980814 400
310 980876 400
311 980938 400
312 981003 400
313 981066 400
314 981130 400
315 981193 400
316 981255 400
317 981319 400
318 981382 400
319 981456 400
320 981519 400
321 981581 400
322 981645 400
323 981708 400
324 981772 400
325 981840 400
326 981897 400
327 981936 400
328 981972 400
329 982007 400
330 982042 400
331 982076 400
332 982111 400
333 982147 400
334 982182 400
335 982216 400
336 982251 400
337 982286 400
338 982322 400
339 982357 400
340 982392 400
341 982426 400
342 982461 400
343 982497 400
344 982532 400
345 982567 400
346 982602 400
347 982636 400
348 982672 400
349 982706 400
350 982741 400
351 982775 400
352 982810 400
353 982844 400
354 982880 400
355 982914 400
356 982949 400
357 982983 400
358 983018 400
359 983053 400
360 983088 400
361 983123 400
362 983158 400
363 983193 400
364 983228 400
365 983263 400
366 983298 400
367 983338 400
368 983373 400
369 983409 400
370 983444 400
371 983479 400
372 983514 400
373 983549 400
374 983585 400
375 983619 400
376 983654 400
377 983689 400
378 983723 400
379 983758 400
380 983794 400
381 983829 400
382 983864 400
383 983899 400
384 983933 400
385 983969 400
386 984004 400
387 984039 400
388 984074 400
389 984108 400
390 984144 400
391 984178 400
392 984213 400
393 984248 400
394 984282 400
395 984317 400
396 984350 400
397 984383 400
398 984417 400
399 984450 400
400 1301933 400
401 1302023 400
402 1302086 400
403 1302146 400
404 1302206 400
405 1302262 400
406 1302319 400
407 1302377 400
408 1302433 400
409 1302482 400
410 1302523 400
411 1302564 400
412 1302605 400
413 1302646 400
414 1302686 400
415 1302726 400
416 1302767 400
417 1302809 400
418 1302849 400
419 1302889 400
420 1302929 400
421 1302971 400
422 1303011 400
423 1303052 400
424 1303092 400
425 1303132 400
426 1303172 400
427 1303213 400
428 1303254 400
429 1303294 400
430 1303334 400
431 1303375 400
432 1303416 400
433 1303456 400
434 1303496 400
435 1303536 400
436 1303576 400
437 1303618 400
438 1303659 400
439 1303699 400
440 1303739 400
441 1303779 400
442 1303820 400
443 1303860 400
444 1303901 400
445 1303941 400
446 1303982 400
447 1304022 400
448 1304063 400
449 1304103 400
450 1304144 400
451 1304184 400
452 1304224 400
453 1304266 400
454 1304307 400
455 1304348 400
456 1304388 400
457 1304429 400
458 1304520 400
459 1304562 400
460 1304604 400
461 1304645 400
462 1304686 400
463 1304728 400
464 1304769 400
465 1304810 400
466 1304850 400
467 1304891 400
468 1304932 400
469 1304973 400
470 1305013 400
471 1305054 400
472 1305095 400
473 1305136 400
474 1305177 400
475 1305217 400
476 1305258 400
477 1305298 400
478 1305338 400
479 1305380 400
480 1305426 400
481 1305468 400
482 1305508 400
483 1305549 400
484 1305591 400
485 1305631 400
486 1305672 400
487 1305712 400
488 1305752 400
489 1305793 400
490 1305834 400
491 1305879 400
492 1305920 400
493 1305960 400
494 1306000 400
495 1306040 400
496 1306079 400
497 1306118 400
498 1306158 400
499 1306196 400
500 1623657 400
501 1623737 400
502 1623797 400
503 1623854 400
504 1623912 400
505 1623969 400
506 1624026 400
507 1624084 400
508 1624139 400
509 1624195 400
510 1624244 400
511 1624286 400
512 1624327 400
513 1624367 400
514 1624408 400
515 1624449 400
516 1624491 400
517 1624531 400
518 1624594 400
519 1624635 400
520 1624676 400
521 1624724 400
522 1624766 400
523 1624806 400
524 1624852 400
525 1624930 400
526 1624988 400
527 1625031 400
528 1625073 400
529 1625115 400
530 1625159 400
531 1625201 400
532 1625243 400
533 1625284 400
534 1625326 400
535 1625368 400
536 1625416 400
537 1625458 400
538 1625500 400
539 1625541 400
540 1625583 400
541 1625625 400
542 1625667 400
543 1625710 400
544 1625752 400
545 1625794 400
546 1625837 400
547 1625879 400
548 1625919 400
549 1625959 400
550 1625999 400
551 1626040 400
552 1626084 400
553 1626123 400
554 1626163 400
555 1626202 400
556 1626243 400
557 1626282 400
558 1626322 400
559 1626361 400
560 1626400 400
561 1626439 400
562 1626480 400
563 1626519 400
564 1626559 400
565 1626598 400
566 1626637 400
567 1626679 400
568 1626718 400
569 1626758 400
570 1626797 400
571 1626836 400
572 1626877 400
573 1626916 400
574 1626955 400
575 1626994 400
576 1627033 400
577 1627073 400
578 1627113 400
579 1627152 400
580 1627192 400
581 1627231 400
582 1627270 400
583 1627311 400
584 1627350 400
585 1627389 400
586 1627428 400
587 1627467 400
588 1627508 400
589 1627547 400
590 1627587 400
591 1627626 400
592 1627665 400
593 1627706 400
594 1627745 400
595 1627782 400
596 1627820 400
597 1627858 400
598 1627897 400
599 1627935 400
600 1945418 400
601 1945498 400
602 1945558 400
603 1945619 400
604 1945679 400
605 1945735 400
606 1945800 400
607 1945852 400
608 1945906 400
609 1945959 400
610 1946014 400
611 1946056 400
612 1946096 400
613 1946135 400
614 1946176 400
615 1946214 400
616 1946253 400
617 1946293 400
618 1946332 400
619 1946372 400
620 1946411 400
621 1946450 400
622 1946490 400
623 1946529 400
624 1946570 400
625 1946608 400
626 1946647 400
627 1946686 400
628 1946725 400
629 1946764 400
630 1946804 400
631 1946843 400
632 1946882 400
633 1946921 400
634 1946959 400
635 1947000 400
636 1947039 400
637 1947077 400
638 1947116 400
639 1947155 400
640 1947196 400
641 1947235 400
642 1947274 400
643 1947313 400
644 1947351 400
645 1947392 400
646 1947430 400
647 1947469 400
648 1947508 400
649 1947546 400
650 1947586 400
651 1947625 400
652 1947664 400
653 1947703 400
654 1947742 400
655 1947781 400
656 1947821 400
657 1947860 400
658 1947898 400
659 1947937 400
660 1947976 400
661 1948016 400
662 1948059 400
663 1948099 400
664 1948138 400
665 1948177 400
666 1948218 400
667 1948257 400
668 1948296 400
669 1948334 400
670 1948374 400
671 1948414 400
672 1948453 400
673 1948493 400
674 1948532 400
675 1948570 400
676 1948609 400
677 1948649 400
678 1948688 400
679 1948727 400
680 1948765 400
681 1948817 400
682 1948856 400
683 1948895 400
684 1948934 400
685 1948973 400
686 1949013 400
687 1949052 400
688 1949091 400
689 1949129 400
690 1949168 400
691 1949208 400
692 1949247 400
693 1949286 400
694 1949325 400
695 1949363 400
696 1949400 400
697 1949445 400
698 1949483 400
699 1949521 400
700 2267221 400
701 2267295 400
702 2267349 400
703 2267403 400
704 2267459 400
705 2267512 400
706 2267562 400
707 2267617 400
708 2267669 400
709 2267721 400
710 2267767 400
711 2267817 400
712 2267870 400
713 2267922 400
714 2267969 400
715 2268019 400
716 2268067 400
717 2268117 400
718 2268170 400
719 2268218 400
720 2268279 400
721 2268328 400
722 2268380 400
723 2268431 400
724 2268477 400
725 2268515 400
726 2268553 400
727 2268590 400
728 2268629 400
729 2268666 400
730 2268703 400
731 2268741 400
732 2268778 400
733 2268816 400
734 2268853 400
735 2268890 400
736 2268927 400
737 2268964 400
738 2269002 400
739 2269040 400
740 2269077 400
741 2269114 400
742 2269151 400
743 2269189 400
744 2269227 400
745 2269264 400
746 2269301 400
747 2269338 400
748 2269375 400
749 2269435 400
750 2269473 400
751 2269511 400
752 2269549 400
753 2269586 400
754 2269625 400
755 2269668 400
756 2269706 400
757 2269744 400
758 2269782 400
759 2269822 400
760 2269867 400
761 2269904 400
762 2269940 400
763 2269976 400
764 2270014 400
765 2270050 400
766 2270086 400
767 2270123 400
768 2270158 400
769 2270195 400
770 2270231 400
771 2270267 400
772 2270303 400
773 2270338 400
774 2270375 400
775 2270412 400
776 2270448 400
777 2270484 400
778 2270521 400
779 2270557 400
780 2270595 400
781 2270631 400
782 2270667 400
783 2270703 400
784 2270739 400
785 2270776 400
786 2270812 400
787 2270847 400
788 2270883 400
789 2270918 400
790 2270955 400
791 2270991 400
792 2271027 400
793 2271063 400
794 2271098 400
795 2271133 400
796 2271169 400
797 2271203 400
798 2271238 400
799 2271294 400
800 2589659 400
801 2589739 400
802 2589796 400
803 2589849 400
804 2589901 400
805 2589973 400
806 2590036 400
807 2590089 400
808 2590134 400
809 2590176 400
810 2590217 400
811 2590260 400
812 2590301 400
813 2590342 400
814 2590391 400
815 2590432 400
816 2590474 400
817 2590513 400
818 2590554 400
819 2590594 400
820 2590640 400
821 2590681 400
822 2590722 400
823 2590762 400
824 2590803 400
825 2590842 400
826 2590882 400
827 2590923 400
828 2590962 400
829 2591001 400
830 2591040 400
831 2591080 400
832 2591120 400
833 2591159 400
834 2591197 400
835 2591237 400
836 2591276 400
837 2591318 400
838 2591357 400
839 2591396 400
840 2591435 400
841 2591475 400
842 2591515 400
843 2591554 400
844 2591594 400
845 2591634 400
846 2591674 400
847 2591714 400
848 2591756 400
849 2591795 400
850 2591835 400
851 2591874 400
852 2591913 400
853 2591955 400
854 2591994 400
855 2592033 400
856 2592072 400
857 2592112 400
858 2592153 400
859 2592192 400
860 2592231 400
861 2592270 400
862 2592309 400
863 2592350 400
864 2592389 400
865 2592428 400
866 2592467 400
867 2592506 400
868 2592545 400
869 2592586 400
870 2592625 400
871 2592664 400
872 2592704 400
873 2592744 400
874 2592785 400
875 2592824 400
876 2592864 400
877 2592904 400
878 2592944 400
879 2592986 400
880 2593025 400
881 2593066 400
882 2593105 400
883 2593145 400
884 2593185 400
885 2593225 400
886 2593263 400
887 2593302 400
888 2593341 400
889 2593381 400
890 2593436 400
891 2593481 400
892 2593515 400
893 2593549 400
894 2593581 400
895 2593614 400
896 2593645 400
897 2593676 400
898 2593707 400
899 2593738 400
900 2911285 400
901 2911386 400
902 2911453 400
903 2911499 400
904 2911540 400
905 2911582 400
906 2911622 400
907 2911662 400
908 2911702 400
909 2911742 400
910 2911782 400
911 2911822 400
912 2911862 400
913 2911901 400
914 2911941 400
915 2911981 400
916 2912022 400
917 2912061 400
918 2912101 400
919 2912140 400
920 2912179 400
921 2912220 400
922 2912259 400
923 2912298 400
924 2912336 400
925 2912375 400
926 2912416 400
927 2912455 400
928 2912494 400
929 2912532 400
930 2912572 400
931 2912612 400
932 2912651 400
933 2912690 400
934 2912729 400
935 2912768 400
936 2912806 400
937 2912847 400
938 2912885 400
939 2912924 400
940 2912963 400
941 2913002 400
942 2913042 400
943 2913081 400
944 2913120 400
945 2913160 400
946 2913198 400
947 2913233 400
948 2913267 400
949 2913301 400
950 2913335 400
951 2913368 400
952 2913403 400
953 2913443 400
954 2913476 400
955 2913510 400
956 2913543 400
957 2913578 400
958 2913612 400
959 2913645 400
960 2913679 400
961 2913712 400
962 2913746 400
963 2913781 400
964 2913815 400
965 2913849 400
966 2913882 400
967 2913916 400
968 2913950 400
969 2913983 400
970 2914017 400
971 2914050 400
972 2914084 400
973 2914119 400
974 2914152 400
975 2914186 400
976 2914219 400
977 2914252 400
978 2914287 400
979 2914320 400
980 2914353 400
981 2914387 400
982 2914420 400
983 2914453 400
984 2914488 400
985 2914531 400
986 2914563 400
987 2914594 400
988 2914626 400
989 2914659 400
990 2914691 400
991 2914723 400
992 2914754 400
993 2914786 400
994 2914819 400
995 2914850 400
996 2914887 400
997 2914917 400
998 2914967 400
999 2915000 400
1000 3232685 400
1001 3232755 400
1002 3232794 400
1003 3232829 400
1004 3232864 400
1005 3232898 400
1006 3232931 400
1007 3232964 400
1008 3232997 400
1009 3233030 400
1010 3233064 400
1011 3233097 400
1012 3233130 400
1013 3233163 400
1014 3233205 400
1015 3233238 400
1016 3233270 400
1017 3233301 400
1018 3233333 400
1019 3233364 400
1020 3233398 400
1021 3233439 400
1022 3233475 400
1023 3233507 400
1024 3233539 400
1025 3233573 400
1026 3233605 400
1027 3233637 400
1028 3233669 400
1029 3233701 400
1030 3233733 400
1031 3233766 400
1032 3233798 400
1033 3233830 400
1034 3233862 400
1035 3233894 400
1036 3233927 400
1037 3233958 400
1038 3233990 400
1039 3234023 400
1040 3234055 400
1041 3234088 400
1042 3234120 400
1043 3234152 400
1044 3234184 400
1045 3234215 400
1046 3234258 400
1047 3234291 400
1048 3234323 400
1049 3234356 400
1050 3234389 400
1051 3234422 400
1052 3234455 400
1053 3234498 400
1054 3234532 400
1055 3234564 400
1056 3234598 400
1057 3234630 400
1058 3234671 400
1059 3234702 400
1060 3234733 400
1061 3234768 400
1062 3234801 400
1063 3234833 400
1064 3234864 400
1065 3234897 400
1066 3234928 400
1067 3234961 400
1068 3234993 400
1069 3235024 400
1070 3235056 400
1071 3235088 400
1072 3235121 400
1073 3235153 400
1074 3235185 400
1075 3235216 400
1076 3235248 400
1077 3235281 400
1078 3235312 400
1079 3235344 400
1080 3235375 400
1081 3235407 400
1082 3235438 400
1083 3235471 400
1084 3235503 400
1085 3235535 400
1086 3235566 400
1087 3235598 400
1088 3235631 400
1089 3235663 400
1090 3235695 400
1091 3235726 400
1092 3235757 400
1093 3235787 400
1094 3235818 400
1095 3235848 400
1096 3235878 400
1097 3235908 400
1098 3235939 400
1099 3235969 400
1100 3553959 400
1101 3554057 400
1102 3554100 400
1103 3554137 400
1104 3554171 400
1105 3554204 400
1106 3554237 400
1107 3554270 400
1108 3554302 400
1109 3554336 400
1110 3554369 400
1111 3554402 400
1112 3554444 400
1113 3554478 400
1114 3554512 400
1115 3554545 400
1116 3554578 400
1117 3554610 400
1118 3554644 400
1119 3554678 400
1120 3554711 400
1121 3554744 400
1122 3554777 400
1123 3554810 400
1124 3554844 400
1125 3554878 400
1126 3554910 400
1127 3554943 400
1128 3554976 400
1129 3555009 400
1130 3555052 400
1131 3555083 400
1132 3555114 400
1133 3555146 400
1134 3555177 400
1135 3555210 400
1136 3555241 400
1137 3555273 400
1138 3555304 400
1139 3555335 400
1140 3555367 400
1141 3555398 400
1142 3555429 400
1143 3555460 400
1144 3555491 400
1145 3555523 400
1146 3555564 400
1147 3555597 400
1148 3555628 400
1149 3555660 400
1150 3555692 400
1151 3555724 400
1152 3555756 400
1153 3555787 400
1154 3555819 400
1155 3555851 400
1156 3555885 400
1157 3555917 400
1158 3555948 400
1159 3555988 400
1160 3556019 400
1161 3556051 400
1162 3556082 400
1163 3556113 400
1164 3556144 400
1165 3556175 400
1166 3556207 400
1167 3556238 400
1168 3556269 400
1169 3556299 400
1170 3556330 400
1171 3556362 400
1172 3556393 400
1173 3556424 400
1174 3556455 400
1175 3556486 400
1176 3556517 400
1177 3556548 400
1178 3556579 400
1179 3556610 400
1180 3556641 400
1181 3556672 400
1182 3556703 400
1183 3556735 400
1184 3556766 400
1185 3556796 400
1186 3556827 400
1187 3556859 400
1188 3556890 400
1189 3556922 400
1190 3556952 400
1191 3557003 400
1192 3557034 400
1193 3557064 400
1194 3557093 400
1195 3557123 400
1196 3557152 400
1197 3557182 400
1198 3557212 400
1199 3557242 400
1200 3875272 400
1201 3875341 400
1202 3875382 400
1203 3875419 400
1204 3875452 400
1205 3875485 400
1206 3875517 400
1207 3875549 400
1208 3875584 400
1209 3875617 400
1210 3875649 400
1211 3875681 400
1212 3875713 400
1213 3875747 400
1214 3875780 400
1215 3875821 400
1216 3875853 400
1217 3875884 400
1218 3875916 400
1219 3875947 400
1220 3875979 400
1221 3876010 400
1222 3876041 400
1223 3876072 400
1224 3876104 400
1225 3876135 400
1226 3876166 400
1227 3876197 400
1228 3876229 400
1229 3876261 400
1230 3876292 400
1231 3876323 400
1232 3876354 400
1233 3876385 400
1234 3876418 400
1235 3876449 400
1236 3876480 400
1237 3876512 400
1238 3876543 400
1239 3876575 400
1240 3876607 400
1241 3876638 400
1242 3876669 400
1243 3876700 400
1244 3876731 400
1245 3876763 400
1246 3876795 400
1247 3876825 400
1248 3876867 400
1249 3876907 400
1250 3876946 400
1251 3876978 400
1252 3877009 400
1253 3877041 400
1254 3877072 400
1255 3877105 400
1256 3877136 400
1257 3877168 400
1258 3877200 400
1259 3877231 400
1260 3877264 400
1261 3877296 400
1262 3877336 400
1263 3877367 400
1264 3877398 400
1265 3877436 400
1266 3877468 400
1267 3877499 400
1268 3877529 400
1269 3877560 400
1270 3877590 400
1271 3877622 400
1272 3877652 400
1273 3877683 400
1274 3877713 400
1275 3877743 400
1276 3877775 400
1277 3877805 400
1278 3877836 400
1279 3877867 400
1280 3877897 400
1281 3877929 400
1282 3877960 400
1283 3877990 400
1284 3878021 400
1285 3878051 400
1286 3878082 400
1287 3878112 400
1288 3878142 400
1289 3878172 400
1290 3878202 400
1291 3878233 400
1292 3878264 400
1293 3878293 400
1294 3878321 400
1295 3878350 400
1296 3878379 400
1297 3878409 400
1298 3878438 400
1299 3878467 400
1300 4196577 400
1301 4196659 400
1302 4196703 400
1303 4196736 400
1304 4196770 400
1305 4196803 400
1306 4196836 400
1307 4196869 400
1308 4196901 400
1309 4196933 400
1310 4196965 400
1311 4196997 400
1312 4197039 400
1313 4197069 400
1314 4197100 400
1315 4197131 400
1316 4197162 400
1317 4197193 400
1318 4197225 400
1319 4197256 400
1320 4197287 400
1321 4197318 400
1322 4197349 400
1323 4197380 400
1324 4197417 400
1325 4197450 400
1326 4197480 400
1327 4197511 400
1328 4197542 400
1329 4197573 400
1330 4197604 400
1331 4197634 400
1332 4197665 400
1333 4197697 400
1334 4197728 400
1335 4197759 400
1336 4197790 400
1337 4197821 400
1338 4197851 400
1339 4197883 400
1340 4197913 400
1341 4197944 400
1342 4197975 400
1343 4198006 400
1344 4198038 400
1345 4198080 400
1346 4198112 400
1347 4198143 400
1348 4198175 400
1349 4198208 400
1350 4198239 400
1351 4198271 400
1352 4198303 400
1353 4198334 400
1354 4198367 400
1355 4198398 400
1356 4198430 400
1357 4198461 400
1358 4198493 400
1359 4198525 400
1360 4198565 400
1361 4198595 400
1362 4198626 400
1363 4198657 400
1364 4198687 400
1365 4198718 400
1366 4198749 400
1367 4198778 400
1368 4198808 400
1369 4198838 400
1370 4198869 400
1371 4198900 400
1372 4198930 400
1373 4198961 400
1374 4198992 400
1375 4199024 400
1376 4199055 400
1377 4199086 400
1378 4199117 400
1379 4199147 400
1380 4199178 400
1381 4199209 400
1382 4199240 400
1383 4199271 400
1384 4199301 400
1385 4199332 400
1386 4199364 400
1387 4199394 400
1388 4199425 400
1389 4199456 400
1390 4199486 400
1391 4199517 400
1392 4199547 400
1393 4199576 400
1394 4199605 400
1395 4199633 400
1396 4199670 400
1397 4199700 400
1398 4199729 400
1399 4199759 400
1400 4517854 400
1401 4517923 400
1402 4517961 400
1403 4517995 400
1404 4518029 400
1405 4518061 400
1406 4518095 400
1407 4518127 400
1408 4518160 400
1409 4518192 400
1410 4518224 400
1411 4518255 400
1412 4518289 400
1413 4518329 400
1414 4518360 400
1415 4518391 400
1416 4518423 400
1417 4518454 400
1418 4518485 400
1419 4518516 400
1420 4518547 400
1421 4518578 400
1422 4518611 400
1423 4518643 400
1424 4518674 400
1425 4518705 400
1426 4518737 400
1427 4518769 400
1428 4518800 400
1429 4518832 400
1430 4518863 400
1431 4518894 400
1432 4518925 400
1433 4518958 400
1434 4518989 400
1435 4519020 400
1436 4519051 400
1437 4519083 400
1438 4519114 400
1439 4519145 400
1440 4519176 400
1441 4519207 400
1442 4519238 400
1443 4519270 400
1444 4519300 400
1445 4519331 400
1446 4519373 400
1447 4519404 400
1448 4519437 400
1449 4519469 400
1450 4519500 400
1451 4519540 400
1452 4519573 400
1453 4519605 400
1454 4519638 400
1455 4519670 400
1456 4519702 400
1457 4519734 400
1458 4519766 400
1459 4519799 400
1460 4519830 400
1461 4519862 400
1462 4519894 400
1463 4519925 400
1464 4519966 400
1465 4519997 400
1466 4520028 400
1467 4520058 400
1468 4520089 400
1469 4520120 400
1470 4520153 400
1471 4520184 400
1472 4520215 400
1473 4520245 400
1474 4520277 400
1475 4520308 400
1476 4520339 400
1477 4520371 400
1478 4520404 400
1479 4520435 400
1480 4520467 400
1481 4520498 400
1482 4520529 400
1483 4520560 400
1484 4520610 400
1485 4520641 400
1486 4520672 400
1487 4520702 400
1488 4520733 400
1489 4520764 400
1490 4520795 400
1491 4520827 400
1492 4520857 400
1493 4520886 400
1494 4520915 400
1495 4520946 400
1496 4520976 400
1497 4521005 400
1498 4521034 400
1499 4521063 400
1500 4839134 400
1501 4839199 400
1502 4839235 400
1503 4839269 400
1504 4839302 400
1505 4839334 400
1506 4839369 400
1507 4839401 400
1508 4839433 400
1509 4839465 400
1510 4839497 400
1511 4839530 400
1512 4839562 400
1513 4839594 400
1514 4839635 400
1515 4839666 400
1516 4839697 400
1517 4839728 400
1518 4839760 400
1519 4839791 400
1520 4839821 400
1521 4839853 400
1522 4839885 400
1523 4839916 400
1524 4839947 400
1525 4839978 400
1526 4840009 400
1527 4840041 400
1528 4840072 400
1529 4840103 400
1530 4840134 400
1531 4840165 400
1532 4840198 400
1533 4840229 400
1534 4840259 400
1535 4840290 400
1536 4840320 400
1537 4840352 400
1538 4840383 400
1539 4840414 400
1540 4840444 400
1541 4840475 400
1542 4840506 400
1543 4840539 400
1544 4840570 400
1545 4840601 400
1546 4840632 400
1547 4840673 400
1548 4840705 400
1549 4840737 400
1550 4840776 400
1551 4840807 400
1552 4840839 400
1553 4840871 400
1554 4840903 400
1555 4840934 400
1556 4840966 400
1557 4840998 400
1558 4841030 400
1559 4841062 400
1560 4841093 400
1561 4841133 400
1562 4841164 400
1563 4841195 400
1564 4841226 400
1565 4841257 400
1566 4841288 400
1567 4841318 400
1568 4841349 400
1569 4841380 400
1570 4841415 400
1571 4841447 400
1572 4841477 400
1573 4841508 400
1574 4841540 400
1575 4841570 400
1576 4841600 400
1577 4841631 400
1578 4841661 400
1579 4841692 400
1580 4841722 400
1581 4841752 400
1582 4841783 400
1583 4841814 400
1584 4841845 400
1585 4841876 400
1586 4841906 400
1587 4841936 400
1588 4841966 400
1589 4841997 400
1590 4842027 400
1591 4842057 400
1592 4842087 400
1593 4842115 400
1594 4842144 400
1595 4842174 400
1596 4842203 400
1597 4842232 400
1598 4842261 400
1599 4842290 400
1600 5160370 400
1601 5160456 400
1602 5160505 400
1603 5160544 400
1604 5160582 400
1605 5160622 400
1606 5160660 400
1607 5160698 400
1608 5160735 400
1609 5160773 400
1610 5160811 400
1611 5160848 400
1612 5160886 400
1613 5160923 400
1614 5160960 400
1615 5160999 400
1616 5161037 400
1617 5161074 400
1618 5161111 400
1619 5161148 400
1620 5161185 400
1621 5161223 400
1622 5161260 400
1623 5161298 400
1624 5161335 400
1625 5161372 400
1626 5161434 400
1627 5161472 400
1628 5161510 400
1629 5161547 400
1630 5161584 400
1631 5161623 400
1632 5161661 400
1633 5161698 400
1634 5161735 400
1635 5161771 400
1636 5161807 400
1637 5161844 400
1638 5161881 400
1639 5161917 400
1640 5161959 400
1641 5161996 400
1642 5162033 400
1643 5162069 400
1644 5162105 400
1645 5162143 400
1646 5162188 400
1647 5162229 400
1648 5162267 400
1649 5162308 400
1650 5162413 400
1651 5162482 400
1652 5162536 400
1653 5162574 400
1654 5162613 400
1655 5162650 400
1656 5162687 400
1657 5162722 400
1658 5162758 400
1659 5162796 400
1660 5162832 400
1661 5162867 400
1662 5162903 400
1663 5162938 400
1664 5162974 400
1665 5163009 400
1666 5163044 400
1667 5163080 400
1668 5163115 400
1669 5163152 400
1670 5163188 400
1671 5163223 400
1672 5163257 400
1673 5163292 400
1674 5163326 400
1675 5163362 400
1676 5163396 400
1677 5163430 400
1678 5163465 400
1679 5163500 400
1680 5163537 400
1681 5163571 400
1682 5163605 400
1683 5163640 400
1684 5163674 400
1685 5163709 400
1686 5163743 400
1687 5163776 400
1688 5163810 400
1689 5163844 400
1690 5163880 400
1691 5163914 400
1692 5163948 400
1693 5163979 400
1694 5164007 400
1695 5164035 400
1696 5164065 400
1697 5164094 400
1698 5164122 400
1699 5164150 400
1700 5481723 400
1701 5481788 400
1702 5481822 400
1703 5481845 400
1704 5481871 400
1705 5481900 400
1706 5481929 400
1707 5481955 400
1708 5481972 400
1709 5481998 400
1710 5482024 400
1711 5482042 400
1712 5482059 400
1713 5482077 400
1714 5482094 400
1715 5482112 400
1716 5482129 400
1717 5482147 400
1718 5482165 400
1719 5482182 400
1720 5482200 400
1721 5482217 400
1722 5482236 400
1723 5482253 400
1724 5482271 400
1725 5482288 400
1726 5482314 400
1727 5482332 400
1728 5482349 400
1729 5482366 400
1730 5482383 400
1731 5482400 400
1732 5482418 400
1733 5482435 400
1734 5482452 400
1735 5482468 400
1736 5482485 400
1737 5482503 400
1738 5482520 400
1739 5482537 400
1740 5482554 400
1741 5482571 400
1742 5482588 400
1743 5482605 400
1744 5482623 400
1745 5482639 400
1746 5482656 400
1747 5482673 400
1748 5482691 400
1749 5482708 400
1750 5482724 400
1751 5482741 400
1752 5482758 400
1753 5482776 400
1754 5482793 400
1755 5482810 400
1756 5482826 400
1757 5482843 400
1758 5482861 400
1759 5482878 400
1760 5482895 400
1761 5482911 400
1762 5482928 400
1763 5482945 400
1764 5482963 400
1765 5482980 400
1766 5482996 400
1767 5483013 400
1768 5483030 400
1769 5483048 400
1770 5483066 400
1771 5483082 400
1772 5483099 400
1773 5483116 400
1774 5483134 400
1775 5483151 400
1776 5483168 400
1777 5483184 400
1778 5483201 400
1779 5483220 400
1780 5483237 400
1781 5483253 400
1782 5483270 400
1783 5483287 400
1784 5483307 400
1785 5483323 400
1786 5483340 400
1787 5483357 400
1788 5483374 400
1789 5483390 400
1790 5483408 400
1791 5483425 400
1792 5483442 400
1793 5483458 400
1794 5483474 400
1795 5483490 400
1796 5483506 400
1797 5483522 400
1798 5483537 400
1799 5483553 400
1800 5802417 400
1801 5802477 400
1802 5802498 400
1803 5802526 400
1804 5802555 400
1805 5802583 400
1806 5802610 400
1807 5802627 400
1808 5802645 400
1809 5802662 400
1810 5802680 400
1811 5802699 400
1812 5802716 400
1813 5802734 400
1814 5802751 400
1815 5802768 400
1816 5802786 400
1817 5802804 400
1818 5802821 400
1819 5802839 400
1820 5802856 400
1821 5802875 400
1822 5802893 400
1823 5802910 400
1824 5802927 400
1825 5802945 400
1826 5802964 400
1827 5802991 400
1828 5803008 400
1829 5803024 400
1830 5803041 400
1831 5803059 400
1832 5803076 400
1833 5803093 400
1834 5803110 400
1835 5803127 400
1836 5803144 400
1837 5803162 400
1838 5803179 400
1839 5803196 400
1840 5803213 400
1841 5803229 400
1842 5803247 400
1843 5803264 400
1844 5803281 400
1845 5803297 400
1846 5803314 400
1847 5803332 400
1848 5803349 400
1849 5803366 400
1850 5803383 400
1851 5803400 400
1852 5803418 400
1853 5803434 400
1854 5803451 400
1855 5803468 400
1856 5803485 400
1857 5803502 400
1858 5803519 400
1859 5803536 400
1860 5803553 400
1861 5803570 400
1862 5803587 400
1863 5803604 400
1864 5803621 400
1865 5803638 400
1866 5803655 400
1867 5803672 400
1868 5803689 400
1869 5803706 400
1870 5803723 400
1871 5803740 400
1872 5803757 400
1873 5803775 400
1874 5803792 400
1875 5803809 400
1876 5803825 400
1877 5803842 400
1878 5803860 400
1879 5803876 400
1880 5803893 400
1881 5803910 400
1882 5803926 400
1883 5803943 400
1884 5803961 400
1885 5803978 400
1886 5803994 400
1887 5804011 400
1888 5804028 400
1889 5804045 400
1890 5804062 400
1891 5804079 400
1892 5804096 400
1893 5804111 400
1894 5804128 400
1895 5804143 400
1896 5804159 400
1897 5804174 400
1898 5804190 400
1899 5804206 400
1900 6123090 400
1901 6123154 400
1902 6123179 400
1903 6123199 400
1904 6123218 400
1905 6123238 400
1906 6123255 400
1907 6123272 400
1908 6123289 400
1909 6123307 400
1910 6123325 400
1911 6123342 400
1912 6123359 400
1913 6123377 400
1914 6123394 400
1915 6123413 400
1916 6123430 400
1917 6123447 400
1918 6123464 400
1919 6123482 400
1920 6123500 400
1921 6123517 400
1922 6123534 400
1923 6123552 400
1924 6123568 400
1925 6123587 400
1926 6123613 400
1927 6123630 400
1928 6123647 400
1929 6123664 400
1930 6123681 400
1931 6123699 400
1932 6123715 400
1933 6123732 400
1934 6123748 400
1935 6123765 400
1936 6123783 400
1937 6123809 400
1938 6123831 400
1939 6123859 400
1940 6123885 400
1941 6123904 400
1942 6123921 400
1943 6123938 400
1944 6123955 400
1945 6123972 400
1946 6123990 400
1947 6124008 400
1948 6124025 400
1949 6124042 400
1950 6124059 400
1951 6124076 400
1952 6124094 400
1953 6124111 400
1954 6124141 400
1955 6124172 400
1956 6124190 400
1957 6124209 400
1958 6124226 400
1959 6124244 400
1960 6124259 400
1961 6124275 400
1962 6124294 400
1963 6124306 400
1964 6124319 400
1965 6124330 400
1966 6124342 400
1967 6124354 400
1968 6124365 400
1969 6124377 400
1970 6124388 400
1971 6124400 400
1972 6124411 400
1973 6124424 400
1974 6124436 400
1975 6124447 400
1976 6124459 400
1977 6124470 400
1978 6124483 400
1979 6124494 400
1980 6124506 400
1981 6124517 400
1982 6124529 400
1983 6124541 400
1984 6124552 400
1985 6124564 400
1986 6124575 400
1987 6124586 400
1988 6124599 400
1989 6124610 400
1990 6124622 400
1991 6124633 400
1992 6124645 400
1993 6124656 400
1994 6124667 400
1995 6124678 400
1996 6124688 400
1997 6124699 400
1998 6124710 400
1999 6124721 400
2000 6443730 400
2001 6443780 400
2002 6443796 400
2003 6443808 400
2004 6443823 400
2005 6443835 400
2006 6443847 400
2007 6443859 400
2008 6443870 400
2009 6443883 400
2010 6443894 400
2011 6443905 400
2012 6443917 400
2013 6443937 400
2014 6443949 400
2015 6443960 400
2016 6443971 400
2017 6443983 400
2018 6443994 400
2019 6444005 400
2020 6444017 400
2021 6444028 400
2022 6444039 400
2023 6444050 400
2024 6444063 400
2025 6444075 400
2026 6444086 400
2027 6444097 400
2028 6444108 400
2029 6444120 400
2030 6444132 400
2031 6444143 400
2032 6444154 400
2033 6444166 400
2034 6444177 400
2035 6445016 400
2036 6445044 400
2037 6445058 400
2038 6445070 400
2039 6445081 400
2040 6445096 400
2041 6445108 400
2042 6445119 400
2043 6445131 400
2044 6445142 400
2045 6445154 400
2046 6445166 400
2047 6445177 400
2048 6445189 400
2049 6445200 400
2050 6445212 400
2051 6445224 400
2052 6445236 400
2053 6445247 400
2054 6445259 400
2055 6445270 400
2056 6445284 400
2057 6445296 400
2058 6445307 400
2059 6445319 400
2060 6445330 400
2061 6445342 400
2062 6445362 400
2063 6445374 400
2064 6445385 400
2065 6445396 400
2066 6445407 400
2067 6445425 400
2068 6445437 400
2069 6445448 400
2070 6445459 400
2071 6445470 400
2072 6445482 400
2073 6445493 400
2074 6445504 400
2075 6445515 400
2076 6445526 400
2077 6445538 400
2078 6445549 400
2079 6445560 400
2080 6445571 400
2081 6445583 400
2082 6445594 400
2083 6445606 400
2084 6445617 400
2085 6445628 400
2086 6445639 400
2087 6445651 400
2088 6445662 400
2089 6445673 400
2090 6445684 400
2091 6445696 400
2092 6445707 400
2093 6445718 400
2094 6445729 400
2095 6445739 400
2096 6445750 400
2097 6445760 400
2098 6445772 400
2099 6445782 400
2100 6764299 400
2101 6764340 400
2102 6764352 400
2103 6764370 400
2104 6764382 400
2105 6764393 400
2106 6764405 400
2107 6764416 400
2108 6764428 400
2109 6764440 400
2110 6764451 400
2111 6764463 400
2112 6764474 400
2113 6764486 400
2114 6764508 400
2115 6764519 400
2116 6764530 400
2117 6764541 400
2118 6764552 400
2119 6764564 400
2120 6764575 400
2121 6764587 400
2122 6764598 400
2123 6764609 400
2124 6764621 400
2125 6764632 400
2126 6764643 400
2127 6764654 400
2128 6764665 400
2129 6764677 400
2130 6764688 400
2131 6764699 400
2132 6764710 400
2133 6764721 400
2134 6764733 400
2135 6764744 400
2136 6765590 400
2137 6765618 400
2138 6765632 400
2139 6765644 400
2140 6765657 400
2141 6765669 400
2142 6765681 400
2143 6765692 400
2144 6765704 400
2145 6765716 400
2146 6765728 400
2147 6765739 400
2148 6765751 400
2149 6765763 400
2150 6765775 400
2151 6765786 400
2152 6765798 400
2153 6765809 400
2154 6765821 400
2155 6765833 400
2156 6765844 400
2157 6765856 400
2158 6765867 400
2159 6765879 400
2160 6765890 400
2161 6765902 400
2162 6765923 400
2163 6765934 400
2164 6765945 400
2165 6765956 400
2166 6765968 400
2167 6765979 400
2168 6765990 400
2169 6766001 400
2170 6766012 400
2171 6766024 400
2172 6766035 400
2173 6766046 400
2174 6766057 400
2175 6766068 400
2176 6766080 400
2177 6766091 400
2178 6766102 400
2179 6766113 400
2180 6766124 400
2181 6766136 400
2182 6766147 400
2183 6766158 400
2184 6766169 400
2185 6766180 400
2186 6766191 400
2187 6766204 400
2188 6766215 400
2189 6766226 400
2190 6766237 400
2191 6766248 400
2192 6766260 400
2193 6766271 400
2194 6766282 400
2195 6766292 400
2196 6766303 400
2197 6766314 400
2198 6766325 400
2199 6766335 400
