0 6098 400
1 6265 400
2 6355 400
3 6439 400
4 6520 400
5 6602 400
6 6684 400
7 6763 400
8 6827 400
9 7202 400
10 7254 400
11 7332 400
12 7380 400
13 7428 400
14 7479 400
15 7528 400
16 7574 400
17 7622 400
18 7671 400
19 7724 400
20 7772 400
21 7819 400
22 7866 400
23 7913 400
24 7961 400
25 8009 400
26 8055 400
27 8103 400
28 8150 400
29 8197 400
30 8247 400
31 8294 400
32 8339 400
33 8385 400
34 8443 400
35 8494 400
36 8541 400
37 8587 400
38 8634 400
39 8681 400
40 8729 400
41 8775 400
42 8821 400
43 8868 400
44 8915 400
45 8962 400
46 9010 400
47 9057 400
48 9103 400
49 9150 400
50 9197 400
51 9245 400
52 9292 400
53 9338 400
54 9385 400
55 9433 400
56 9482 400
57 9528 400
58 9575 400
59 9623 400
60 9671 400
61 9720 400
62 9766 400
63 9814 400
64 9861 400
65 9908 400
66 9954 400
67 10004 400
68 10052 400
69 10099 400
70 10147 400
71 10194 400
72 10244 400
73 10291 400
74 10338 400
75 10384 400
76 10440 400
77 10489 400
78 10536 400
79 10583 400
80 10630 400
81 10678 400
82 10726 400
83 10774 400
84 10821 400
85 10868 400
86 10916 400
87 10965 400
88 11012 400
89 11058 400
90 11105 400
91 11153 400
92 11200 400
93 11249 400
94 11308 400
95 11354 400
96 11399 400
97 11444 400
98 11490 400
99 11535 400
100 40483 400
101 40582 400
102 40665 400
103 40748 400
104 40829 400
105 40892 400
106 40954 400
107 41017 400
108 41604 400
109 41659 400
110 41705 400
111 41750 400
112 41796 400
113 41842 400
114 41890 400
115 41936 400
116 41982 400
117 42028 400
118 42074 400
119 42121 400
120 42176 400
121 42223 400
122 42269 400
123 42315 400
124 42363 400
125 42409 400
126 42455 400
127 42501 400
128 42546 400
129 42593 400
130 42639 400
131 42685 400
132 42730 400
133 42776 400
134 42822 400
135 42870 400
136 42916 400
137 42961 400
138 43007 400
139 43056 400
140 43104 400
141 43150 400
142 43197 400
143 43243 400
144 43296 400
145 43343 400
146 43389 400
147 43435 400
148 43481 400
149 43527 400
150 43574 400
151 43620 400
152 43666 400
153 43712 400
154 43758 400
155 43805 400
156 43851 400
157 43897 400
158 43944 400
159 43990 400
160 44035 400
161 44082 400
162 44130 400
163 44176 400
164 44223 400
165 44269 400
166 44316 400
167 44364 400
168 44409 400
169 44455 400
170 44502 400
171 44550 400
172 44596 400
173 44643 400
174 44698 400
175 44748 400
176 44797 400
177 44845 400
178 44892 400
179 44940 400
180 44987 400
181 45033 400
182 45081 400
183 45127 400
184 45173 400
185 45220 400
186 45273 400
187 45323 400
188 45374 400
189 45423 400
190 45469 400
191 45517 400
192 45565 400
193 45612 400
194 45660 400
195 45706 400
196 45751 400
197 45798 400
198 45843 400
199 45888 400
200 74765 400
201 74868 400
202 74949 400
203 75021 400
204 75094 400
205 75167 400
206 75238 400
207 75880 400
208 75930 400
209 75972 400
210 76013 400
211 76053 400
212 76093 400
213 76135 400
214 76175 400
215 76215 400
216 76254 400
217 76293 400
218 76333 400
219 76372 400
220 76412 400
221 76452 400
222 76492 400
223 76533 400
224 76573 400
225 76613 400
226 76653 400
227 76700 400
228 76740 400
229 76782 400
230 76822 400
231 76862 400
232 76902 400
233 76942 400
234 76984 400
235 77024 400
236 77063 400
237 77104 400
238 77144 400
239 77185 400
240 77225 400
241 77265 400
242 77305 400
243 77345 400
244 77386 400
245 77427 400
246 77468 400
247 77508 400
248 77548 400
249 77590 400
250 77630 400
251 77670 400
252 77711 400
253 77751 400
254 77791 400
255 77832 400
256 77872 400
257 77912 400
258 77952 400
259 77992 400
260 78033 400
261 78073 400
262 78114 400
263 78163 400
264 78205 400
265 78246 400
266 78287 400
267 78327 400
268 78367 400
269 78408 400
270 78450 400
271 78491 400
272 78531 400
273 78571 400
274 78613 400
275 78653 400
276 78694 400
277 78734 400
278 78775 400
279 78815 400
280 78855 400
281 78897 400
282 78937 400
283 78978 400
284 79018 400
285 79058 400
286 79100 400
287 79141 400
288 79181 400
289 79221 400
290 79262 400
291 79307 400
292 79347 400
293 79387 400
294 79427 400
295 79466 400
296 79506 400
297 79545 400
298 79585 400
299 79624 400
300 108626 400
301 108704 400
302 108766 400
303 108824 400
304 108880 400
305 108941 400
306 108998 400
307 109725 400
308 109774 400
309 109815 400
310 109857 400
311 109898 400
312 109939 400
313 109980 400
314 110019 400
315 110060 400
316 110099 400
317 110142 400
318 110183 400
319 110223 400
320 110263 400
321 110303 400
322 110343 400
323 110385 400
324 110425 400
325 110471 400
326 110512 400
327 110552 400
328 110593 400
329 110634 400
330 110674 400
331 110714 400
332 110754 400
333 110796 400
334 110836 400
335 110877 400
336 110918 400
337 110958 400
338 110999 400
339 111040 400
340 111080 400
341 111120 400
342 111161 400
343 111202 400
344 111248 400
345 111295 400
346 111336 400
347 111376 400
348 111416 400
349 111458 400
350 111498 400
351 111539 400
352 111579 400
353 111619 400
354 111661 400
355 111702 400
356 111742 400
357 111783 400
358 111823 400
359 111865 400
360 111905 400
361 111946 400
362 111986 400
363 112026 400
364 112067 400
365 112107 400
366 112147 400
367 112191 400
368 112232 400
369 112273 400
370 112315 400
371 112356 400
372 112396 400
373 112436 400
374 112476 400
375 112517 400
376 112558 400
377 112598 400
378 112639 400
379 112679 400
380 112720 400
381 112761 400
382 112802 400
383 112842 400
384 112883 400
385 112924 400
386 112965 400
387 113005 400
388 113046 400
389 113086 400
390 113126 400
391 113168 400
392 113209 400
393 113249 400
394 113289 400
395 113328 400
396 113368 400
397 113407 400
398 113446 400
399 113485 400
400 142371 400
401 142443 400
402 142499 400
403 142557 400
404 142613 400
405 142668 400
406 142728 400
407 142782 400
408 143475 400
409 143522 400
410 143563 400
411 143604 400
412 143644 400
413 143684 400
414 143724 400
415 143764 400
416 143804 400
417 143845 400
418 143884 400
419 143925 400
420 143966 400
421 144005 400
422 144046 400
423 144087 400
424 144127 400
425 144167 400
426 144206 400
427 144248 400
428 144288 400
429 144328 400
430 144368 400
431 144408 400
432 144449 400
433 144489 400
434 144530 400
435 144569 400
436 144610 400
437 144650 400
438 144692 400
439 144732 400
440 144772 400
441 144812 400
442 144852 400
443 144894 400
444 144935 400
445 144974 400
446 145016 400
447 145056 400
448 145097 400
449 145137 400
450 145177 400
451 145217 400
452 145257 400
453 145298 400
454 145338 400
455 145378 400
456 145419 400
457 145459 400
458 145545 400
459 145587 400
460 145629 400
461 145669 400
462 145710 400
463 145751 400
464 145793 400
465 145834 400
466 145875 400
467 145916 400
468 145956 400
469 145997 400
470 146038 400
471 146078 400
472 146119 400
473 146159 400
474 146201 400
475 146242 400
476 146282 400
477 146323 400
478 146363 400
479 146405 400
480 146445 400
481 146486 400
482 146526 400
483 146566 400
484 146607 400
485 146648 400
486 146688 400
487 146729 400
488 146769 400
489 146809 400
490 146852 400
491 146895 400
492 146936 400
493 146976 400
494 147016 400
495 147057 400
496 147095 400
497 147134 400
498 147173 400
499 147212 400
500 176058 400
501 176135 400
502 176194 400
503 176251 400
504 176308 400
505 176367 400
506 177149 400
507 177197 400
508 177239 400
509 177280 400
510 177321 400
511 177363 400
512 177403 400
513 177445 400
514 177486 400
515 177527 400
516 177568 400
517 177625 400
518 177670 400
519 177711 400
520 177753 400
521 177804 400
522 177845 400
523 177887 400
524 177931 400
525 178018 400
526 178068 400
527 178111 400
528 178154 400
529 178196 400
530 178238 400
531 178281 400
532 178322 400
533 178364 400
534 178406 400
535 178449 400
536 178492 400
537 178534 400
538 178576 400
539 178619 400
540 178660 400
541 178702 400
542 178743 400
543 178786 400
544 178827 400
545 178869 400
546 178910 400
547 178950 400
548 178990 400
549 179029 400
550 179069 400
551 179108 400
552 179149 400
553 179188 400
554 179227 400
555 179267 400
556 179312 400
557 179353 400
558 179392 400
559 179431 400
560 179471 400
561 179510 400
562 179550 400
563 179589 400
564 179628 400
565 179667 400
566 179705 400
567 179746 400
568 179785 400
569 179825 400
570 179864 400
571 179902 400
572 179942 400
573 179981 400
574 180019 400
575 180058 400
576 180097 400
577 180136 400
578 180179 400
579 180218 400
580 180258 400
581 180297 400
582 180336 400
583 180377 400
584 180416 400
585 180455 400
586 180494 400
587 180532 400
588 180573 400
589 180612 400
590 180651 400
591 180690 400
592 180729 400
593 180769 400
594 180808 400
595 180846 400
596 180884 400
597 180922 400
598 180960 400
599 180999 400
600 209769 400
601 209840 400
602 209899 400
603 209956 400
604 210013 400
605 210070 400
606 210127 400
607 210180 400
608 210873 400
609 210920 400
610 210960 400
611 210999 400
612 211037 400
613 211075 400
614 211115 400
615 211154 400
616 211193 400
617 211232 400
618 211270 400
619 211315 400
620 211357 400
621 211396 400
622 211435 400
623 211473 400
624 211512 400
625 211552 400
626 211591 400
627 211629 400
628 211668 400
629 211707 400
630 211747 400
631 211785 400
632 211824 400
633 211863 400
634 211902 400
635 211942 400
636 211981 400
637 212020 400
638 212058 400
639 212097 400
640 212136 400
641 212175 400
642 212213 400
643 212252 400
644 212290 400
645 212329 400
646 212368 400
647 212406 400
648 212445 400
649 212484 400
650 212522 400
651 212562 400
652 212601 400
653 212640 400
654 212678 400
655 212717 400
656 212756 400
657 212795 400
658 212834 400
659 212872 400
660 212911 400
661 212950 400
662 212993 400
663 213033 400
664 213072 400
665 213110 400
666 213149 400
667 213188 400
668 213227 400
669 213265 400
670 213304 400
671 213343 400
672 213383 400
673 213421 400
674 213460 400
675 213499 400
676 213538 400
677 213579 400
678 213617 400
679 213656 400
680 213705 400
681 213747 400
682 213786 400
683 213824 400
684 213863 400
685 213902 400
686 213941 400
687 213981 400
688 214020 400
689 214060 400
690 214098 400
691 214137 400
692 214177 400
693 214216 400
694 214254 400
695 214291 400
696 214329 400
697 214368 400
698 214405 400
699 214443 400
700 243520 400
701 243583 400
702 243649 400
703 243703 400
704 243757 400
705 243810 400
706 243863 400
707 243917 400
708 243969 400
709 244016 400
710 244053 400
711 244665 400
712 244705 400
713 244744 400
714 244782 400
715 244819 400
716 244856 400
717 244901 400
718 244941 400
719 244978 400
720 245015 400
721 245053 400
722 245099 400
723 245135 400
724 245175 400
725 245211 400
726 245247 400
727 245283 400
728 245320 400
729 245356 400
730 245392 400
731 245428 400
732 245464 400
733 245502 400
734 245537 400
735 245573 400
736 245609 400
737 245645 400
738 245681 400
739 245718 400
740 245754 400
741 245790 400
742 245825 400
743 245861 400
744 245898 400
745 245934 400
746 245970 400
747 246006 400
748 246042 400
749 246079 400
750 246115 400
751 246151 400
752 246187 400
753 246223 400
754 246261 400
755 246312 400
756 246350 400
757 246387 400
758 246424 400
759 246461 400
760 246498 400
761 246544 400
762 246579 400
763 246615 400
764 246651 400
765 246689 400
766 246724 400
767 246760 400
768 246796 400
769 246831 400
770 246868 400
771 246904 400
772 246940 400
773 246975 400
774 247011 400
775 247049 400
776 247084 400
777 247120 400
778 247155 400
779 247191 400
780 247228 400
781 247264 400
782 247305 400
783 247341 400
784 247376 400
785 247410 400
786 247446 400
787 247481 400
788 247517 400
789 247551 400
790 247586 400
791 247623 400
792 247658 400
793 247693 400
794 247727 400
795 247762 400
796 247798 400
797 247832 400
798 247867 400
799 247902 400
800 277133 400
801 277195 400
802 277255 400
803 277302 400
804 277348 400
805 277394 400
806 277443 400
807 277504 400
808 277579 400
809 277634 400
810 277688 400
811 278279 400
812 278355 400
813 278408 400
814 278454 400
815 278499 400
816 278557 400
817 278616 400
818 278672 400
819 278720 400
820 278776 400
821 278834 400
822 278895 400
823 278933 400
824 278967 400
825 279000 400
826 279033 400
827 279067 400
828 279100 400
829 279133 400
830 279166 400
831 279199 400
832 279231 400
833 279265 400
834 279304 400
835 279338 400
836 279370 400
837 279403 400
838 279437 400
839 279470 400
840 279503 400
841 279535 400
842 279568 400
843 279602 400
844 279635 400
845 279667 400
846 279700 400
847 279732 400
848 279766 400
849 279799 400
850 279831 400
851 279864 400
852 279899 400
853 279933 400
854 279966 400
855 279999 400
856 280031 400
857 280064 400
858 280097 400
859 280130 400
860 280163 400
861 280195 400
862 280227 400
863 280260 400
864 280293 400
865 280326 400
866 280358 400
867 280390 400
868 280423 400
869 280471 400
870 280499 400
871 280526 400
872 280553 400
873 280580 400
874 280608 400
875 280635 400
876 280663 400
877 280690 400
878 280717 400
879 280743 400
880 280771 400
881 280798 400
882 280824 400
883 280851 400
884 280878 400
885 280905 400
886 280932 400
887 280959 400
888 280985 400
889 281012 400
890 281039 400
891 281066 400
892 281093 400
893 281120 400
894 281147 400
895 281174 400
896 281201 400
897 281227 400
898 281253 400
899 281279 400
900 311078 400
901 311132 400
902 311166 400
903 311201 400
904 312189 400
905 312251 400
906 312293 400
907 312331 400
908 312360 400
909 312388 400
910 312417 400
911 312446 400
912 312474 400
913 312501 400
914 312528 400
915 312556 400
916 312585 400
917 312613 400
918 312641 400
919 312669 400
920 312696 400
921 312725 400
922 312753 400
923 312781 400
924 312808 400
925 312836 400
926 312863 400
927 312892 400
928 312920 400
929 312948 400
930 312976 400
931 313003 400
932 313033 400
933 313061 400
934 313089 400
935 313116 400
936 313143 400
937 313172 400
938 313200 400
939 313227 400
940 313255 400
941 313281 400
942 313310 400
943 313338 400
944 313365 400
945 313393 400
946 313420 400
947 313448 400
948 313475 400
949 313503 400
950 313530 400
951 313558 400
952 313585 400
953 313613 400
954 313640 400
955 313668 400
956 313695 400
957 313723 400
958 313751 400
959 313778 400
960 313805 400
961 313832 400
962 313860 400
963 313889 400
964 313916 400
965 313944 400
966 313971 400
967 313998 400
968 314026 400
969 314056 400
970 314084 400
971 314112 400
972 314139 400
973 314167 400
974 314196 400
975 314223 400
976 314250 400
977 314277 400
978 314305 400
979 314333 400
980 314361 400
981 314388 400
982 314415 400
983 314443 400
984 314472 400
985 314499 400
986 314526 400
987 314553 400
988 314581 400
989 314609 400
990 314636 400
991 314664 400
992 314691 400
993 314718 400
994 314745 400
995 314772 400
996 314804 400
997 314829 400
998 314855 400
999 314881 400
1000 345493 400
1001 345566 400
1002 345619 400
1003 345650 400
1004 345701 400
1005 345734 400
1006 345766 400
1007 345797 400
1008 345828 400
1009 345858 400
1010 345891 400
1011 345922 400
1012 346664 400
1013 346714 400
1014 346744 400
1015 346777 400
1016 346805 400
1017 346832 400
1018 346859 400
1019 346886 400
1020 346913 400
1021 346941 400
1022 346967 400
1023 346994 400
1024 347023 400
1025 347049 400
1026 347077 400
1027 347104 400
1028 347131 400
1029 347157 400
1030 347184 400
1031 347213 400
1032 347240 400
1033 347268 400
1034 347299 400
1035 347327 400
1036 347354 400
1037 347382 400
1038 347408 400
1039 347436 400
1040 347463 400
1041 347491 400
1042 347519 400
1043 347546 400
1044 347573 400
1045 347599 400
1046 347626 400
1047 347656 400
1048 347682 400
1049 347709 400
1050 347747 400
1051 347791 400
1052 347839 400
1053 347884 400
1054 347929 400
1055 347973 400
1056 348015 400
1057 348061 400
1058 348103 400
1059 348143 400
1060 348172 400
1061 348200 400
1062 348229 400
1063 348256 400
1064 348284 400
1065 348311 400
1066 348338 400
1067 348365 400
1068 348392 400
1069 348421 400
1070 348448 400
1071 348475 400
1072 348503 400
1073 348531 400
1074 348558 400
1075 348584 400
1076 348611 400
1077 348638 400
1078 348666 400
1079 348693 400
1080 348720 400
1081 348747 400
1082 348774 400
1083 348801 400
1084 348827 400
1085 348854 400
1086 348880 400
1087 348907 400
1088 348934 400
1089 348961 400
1090 348988 400
1091 349015 400
1092 349041 400
1093 349067 400
1094 349093 400
1095 349119 400
1096 349145 400
1097 349170 400
1098 349196 400
1099 349222 400
1100 379774 400
1101 379827 400
1102 379861 400
1103 379893 400
1104 379926 400
1105 380868 400
1106 380924 400
1107 380961 400
1108 380996 400
1109 381032 400
1110 381066 400
1111 381100 400
1112 381141 400
1113 381178 400
1114 381213 400
1115 381247 400
1116 381280 400
1117 381316 400
1118 381350 400
1119 381382 400
1120 381417 400
1121 381449 400
1122 381482 400
1123 381514 400
1124 381547 400
1125 381581 400
1126 381615 400
1127 381648 400
1128 381680 400
1129 381712 400
1130 381746 400
1131 381779 400
1132 381811 400
1133 381844 400
1134 381876 400
1135 381910 400
1136 381943 400
1137 381976 400
1138 382016 400
1139 382047 400
1140 382078 400
1141 382111 400
1142 382140 400
1143 382171 400
1144 382201 400
1145 382232 400
1146 382264 400
1147 382296 400
1148 382327 400
1149 382358 400
1150 382389 400
1151 382421 400
1152 382452 400
1153 382483 400
1154 382514 400
1155 382545 400
1156 382578 400
1157 382609 400
1158 382640 400
1159 382672 400
1160 382702 400
1161 382734 400
1162 382766 400
1163 382797 400
1164 382828 400
1165 382859 400
1166 382890 400
1167 382922 400
1168 382953 400
1169 382984 400
1170 383015 400
1171 383046 400
1172 383077 400
1173 383108 400
1174 383138 400
1175 383169 400
1176 383200 400
1177 383233 400
1178 383263 400
1179 383299 400
1180 383331 400
1181 383362 400
1182 383393 400
1183 383424 400
1184 383454 400
1185 383485 400
1186 383516 400
1187 383547 400
1188 383579 400
1189 383610 400
1190 383641 400
1191 383672 400
1192 383702 400
1193 383729 400
1194 383753 400
1195 383776 400
1196 383800 400
1197 383823 400
1198 383848 400
1199 383871 400
1200 413942 400
1201 413994 400
1202 414033 400
1203 414072 400
1204 414110 400
1205 414146 400
1206 415050 400
1207 415084 400
1208 415117 400
1209 415149 400
1210 415181 400
1211 415212 400
1212 415243 400
1213 415274 400
1214 415313 400
1215 415344 400
1216 415375 400
1217 415407 400
1218 415438 400
1219 415470 400
1220 415501 400
1221 415533 400
1222 415564 400
1223 415596 400
1224 415628 400
1225 415659 400
1226 415689 400
1227 415721 400
1228 415752 400
1229 415785 400
1230 415815 400
1231 415846 400
1232 415877 400
1233 415908 400
1234 415939 400
1235 415971 400
1236 416002 400
1237 416033 400
1238 416064 400
1239 416095 400
1240 416127 400
1241 416158 400
1242 416189 400
1243 416219 400
1244 416250 400
1245 416283 400
1246 416332 400
1247 416366 400
1248 416402 400
1249 416436 400
1250 416470 400
1251 416502 400
1252 416533 400
1253 416565 400
1254 416597 400
1255 416629 400
1256 416662 400
1257 416694 400
1258 416735 400
1259 416765 400
1260 416796 400
1261 416827 400
1262 416857 400
1263 416888 400
1264 416918 400
1265 416947 400
1266 416979 400
1267 417010 400
1268 417040 400
1269 417071 400
1270 417102 400
1271 417134 400
1272 417164 400
1273 417195 400
1274 417225 400
1275 417255 400
1276 417286 400
1277 417316 400
1278 417346 400
1279 417377 400
1280 417408 400
1281 417438 400
1282 417469 400
1283 417499 400
1284 417530 400
1285 417560 400
1286 417590 400
1287 417621 400
1288 417652 400
1289 417682 400
1290 417712 400
1291 417743 400
1292 417774 400
1293 417799 400
1294 417823 400
1295 417846 400
1296 417870 400
1297 417894 400
1298 417918 400
1299 417941 400
1300 448005 400
1301 448057 400
1302 448096 400
1303 448136 400
1304 448173 400
1305 448208 400
1306 449116 400
1307 449149 400
1308 449182 400
1309 449214 400
1310 449245 400
1311 449276 400
1312 449307 400
1313 449339 400
1314 449369 400
1315 449400 400
1316 449431 400
1317 449461 400
1318 449493 400
1319 449523 400
1320 449554 400
1321 449585 400
1322 449615 400
1323 449645 400
1324 449676 400
1325 449705 400
1326 449735 400
1327 449765 400
1328 449796 400
1329 449828 400
1330 449869 400
1331 449909 400
1332 449940 400
1333 449970 400
1334 450000 400
1335 450030 400
1336 450060 400
1337 450091 400
1338 450121 400
1339 450152 400
1340 450181 400
1341 450212 400
1342 450242 400
1343 450273 400
1344 450304 400
1345 450333 400
1346 450364 400
1347 450394 400
1348 450425 400
1349 450456 400
1350 450488 400
1351 450518 400
1352 450548 400
1353 450578 400
1354 450609 400
1355 450640 400
1356 450669 400
1357 450699 400
1358 450728 400
1359 450757 400
1360 450787 400
1361 450817 400
1362 450848 400
1363 450879 400
1364 450909 400
1365 450939 400
1366 450969 400
1367 450998 400
1368 451028 400
1369 451057 400
1370 451089 400
1371 451121 400
1372 451151 400
1373 451182 400
1374 451212 400
1375 451241 400
1376 451271 400
1377 451307 400
1378 451337 400
1379 451366 400
1380 451395 400
1381 451426 400
1382 451456 400
1383 451485 400
1384 451514 400
1385 451544 400
1386 451575 400
1387 451604 400
1388 451633 400
1389 451662 400
1390 451692 400
1391 451723 400
1392 451752 400
1393 451778 400
1394 451801 400
1395 451825 400
1396 451854 400
1397 451879 400
1398 451902 400
1399 451925 400
1400 482110 400
1401 482173 400
1402 482209 400
1403 482239 400
1404 482270 400
1405 482299 400
1406 482328 400
1407 483237 400
1408 483269 400
1409 483301 400
1410 483327 400
1411 483353 400
1412 483381 400
1413 483407 400
1414 483433 400
1415 483459 400
1416 483485 400
1417 483511 400
1418 483537 400
1419 483572 400
1420 483597 400
1421 483622 400
1422 483648 400
1423 483675 400
1424 483701 400
1425 483726 400
1426 483751 400
1427 483775 400
1428 483802 400
1429 483827 400
1430 483852 400
1431 483877 400
1432 483902 400
1433 483928 400
1434 483953 400
1435 483978 400
1436 484003 400
1437 484028 400
1438 484054 400
1439 484079 400
1440 484104 400
1441 484129 400
1442 484154 400
1443 484179 400
1444 484205 400
1445 484230 400
1446 484255 400
1447 484280 400
1448 484305 400
1449 484331 400
1450 484366 400
1451 484424 400
1452 484464 400
1453 484505 400
1454 484546 400
1455 484586 400
1456 484636 400
1457 484674 400
1458 484712 400
1459 484761 400
1460 484799 400
1461 484825 400
1462 484850 400
1463 484875 400
1464 484901 400
1465 484926 400
1466 484950 400
1467 484975 400
1468 484999 400
1469 485025 400
1470 485053 400
1471 485078 400
1472 485103 400
1473 485128 400
1474 485153 400
1475 485179 400
1476 485203 400
1477 485229 400
1478 485255 400
1479 485280 400
1480 485306 400
1481 485331 400
1482 485356 400
1483 485381 400
1484 485406 400
1485 485431 400
1486 485456 400
1487 485479 400
1488 485504 400
1489 485529 400
1490 485553 400
1491 485580 400
1492 485604 400
1493 485627 400
1494 485651 400
1495 485674 400
1496 485699 400
1497 485722 400
1498 485746 400
1499 485769 400
1500 516159 400
1501 516219 400
1502 516249 400
1503 516279 400
1504 516310 400
1505 516339 400
1506 516368 400
1507 516397 400
1508 517302 400
1509 517349 400
1510 517378 400
1511 517405 400
1512 517433 400
1513 517460 400
1514 517486 400
1515 517512 400
1516 517538 400
1517 517565 400
1518 517591 400
1519 517626 400
1520 517651 400
1521 517676 400
1522 517702 400
1523 517727 400
1524 517751 400
1525 517776 400
1526 517801 400
1527 517827 400
1528 517852 400
1529 517877 400
1530 517901 400
1531 517926 400
1532 517952 400
1533 517977 400
1534 518002 400
1535 518026 400
1536 518051 400
1537 518075 400
1538 518101 400
1539 518125 400
1540 518150 400
1541 518175 400
1542 518200 400
1543 518226 400
1544 518250 400
1545 518275 400
1546 518300 400
1547 518324 400
1548 518350 400
1549 518375 400
1550 518405 400
1551 518430 400
1552 518455 400
1553 518480 400
1554 518505 400
1555 518530 400
1556 518554 400
1557 518579 400
1558 518604 400
1559 518629 400
1560 518665 400
1561 518691 400
1562 518715 400
1563 518741 400
1564 518767 400
1565 518802 400
1566 518826 400
1567 518850 400
1568 518874 400
1569 518900 400
1570 518925 400
1571 518949 400
1572 518973 400
1573 518998 400
1574 519024 400
1575 519049 400
1576 519074 400
1577 519098 400
1578 519123 400
1579 519149 400
1580 519173 400
1581 519198 400
1582 519223 400
1583 519248 400
1584 519273 400
1585 519303 400
1586 519327 400
1587 519352 400
1588 519376 400
1589 519401 400
1590 519426 400
1591 519451 400
1592 519475 400
1593 519498 400
1594 519522 400
1595 519546 400
1596 519569 400
1597 519592 400
1598 519615 400
1599 519638 400
1600 550206 400
1601 550269 400
1602 550303 400
1603 550335 400
1604 550364 400
1605 550393 400
1606 550425 400
1607 550455 400
1608 551341 400
1609 551388 400
1610 551417 400
1611 551445 400
1612 551472 400
1613 551498 400
1614 551524 400
1615 551551 400
1616 551579 400
1617 551605 400
1618 551631 400
1619 551657 400
1620 551683 400
1621 551710 400
1622 551736 400
1623 551761 400
1624 551787 400
1625 551813 400
1626 551838 400
1627 551864 400
1628 551889 400
1629 551918 400
1630 551943 400
1631 551969 400
1632 551995 400
1633 552021 400
1634 552046 400
1635 552072 400
1636 552098 400
1637 552123 400
1638 552149 400
1639 552174 400
1640 552199 400
1641 552227 400
1642 552253 400
1643 552278 400
1644 552303 400
1645 552330 400
1646 552355 400
1647 552400 400
1648 552441 400
1649 552490 400
1650 552574 400
1651 552707 400
1652 552750 400
1653 552790 400
1654 552830 400
1655 552869 400
1656 552904 400
1657 552939 400
1658 552974 400
1659 553008 400
1660 553043 400
1661 553077 400
1662 553112 400
1663 553145 400
1664 553179 400
1665 553213 400
1666 553245 400
1667 553280 400
1668 553315 400
1669 553351 400
1670 553392 400
1671 553431 400
1672 553469 400
1673 553507 400
1674 553547 400
1675 553590 400
1676 553629 400
1677 553666 400
1678 553705 400
1679 553743 400
1680 553782 400
1681 553825 400
1682 553864 400
1683 553902 400
1684 553942 400
1685 553981 400
1686 554023 400
1687 554063 400
1688 554102 400
1689 554141 400
1690 554180 400
1691 554221 400
1692 554258 400
1693 554295 400
1694 554333 400
1695 554370 400
1696 554411 400
1697 554451 400
1698 554490 400
1699 554529 400
1700 584337 400
1701 584393 400
1702 584412 400
1703 584425 400
1704 584446 400
1705 584458 400
1706 584469 400
1707 584482 400
1708 584493 400
1709 584504 400
1710 584515 400
1711 584527 400
1712 584539 400
1713 585508 400
1714 585520 400
1715 585532 400
1716 585543 400
1717 585556 400
1718 585567 400
1719 585579 400
1720 585590 400
1721 585602 400
1722 585614 400
1723 585625 400
1724 585637 400
1725 585649 400
1726 585660 400
1727 585672 400
1728 585684 400
1729 585695 400
1730 585707 400
1731 585718 400
1732 585730 400
1733 585742 400
1734 585753 400
1735 585765 400
1736 585776 400
1737 585788 400
1738 585800 400
1739 585811 400
1740 585823 400
1741 585834 400
1742 585846 400
1743 585858 400
1744 585870 400
1745 585881 400
1746 585893 400
1747 585904 400
1748 585925 400
1749 585936 400
1750 585948 400
1751 585960 400
1752 585971 400
1753 585982 400
1754 585994 400
1755 586005 400
1756 586016 400
1757 586027 400
1758 586038 400
1759 586051 400
1760 586062 400
1761 586073 400
1762 586084 400
1763 586095 400
1764 586107 400
1765 586118 400
1766 586129 400
1767 586141 400
1768 586152 400
1769 586167 400
1770 586178 400
1771 586189 400
1772 586200 400
1773 586211 400
1774 586222 400
1775 586235 400
1776 586246 400
1777 586257 400
1778 586268 400
1779 586279 400
1780 586291 400
1781 586302 400
1782 586313 400
1783 586324 400
1784 586335 400
1785 586347 400
1786 586358 400
1787 586369 400
1788 586381 400
1789 586392 400
1790 586404 400
1791 586415 400
1792 586426 400
1793 586437 400
1794 586447 400
1795 586458 400
1796 586469 400
1797 586480 400
1798 586491 400
1799 586501 400
1800 617594 400
1801 617624 400
1802 617637 400
1803 617650 400
1804 617661 400
1805 617682 400
1806 617694 400
1807 617706 400
1808 617717 400
1809 617728 400
1810 617739 400
1811 617752 400
1812 617763 400
1813 617774 400
1814 617785 400
1815 617796 400
1816 617808 400
1817 618766 400
1818 618794 400
1819 618807 400
1820 618819 400
1821 618831 400
1822 618845 400
1823 618856 400
1824 618868 400
1825 618879 400
1826 618891 400
1827 618905 400
1828 618916 400
1829 618928 400
1830 618939 400
1831 618950 400
1832 618963 400
1833 618975 400
1834 618986 400
1835 618998 400
1836 619009 400
1837 619021 400
1838 619033 400
1839 619044 400
1840 619056 400
1841 619067 400
1842 619079 400
1843 619091 400
1844 619102 400
1845 619114 400
1846 619125 400
1847 619145 400
1848 619158 400
1849 619169 400
1850 619180 400
1851 619191 400
1852 619202 400
1853 619214 400
1854 619225 400
1855 619236 400
1856 619247 400
1857 619259 400
1858 619271 400
1859 619287 400
1860 619298 400
1861 619310 400
1862 619321 400
1863 619332 400
1864 619344 400
1865 619355 400
1866 619366 400
1867 619377 400
1868 619388 400
1869 619400 400
1870 619411 400
1871 619422 400
1872 619434 400
1873 619445 400
1874 619457 400
1875 619468 400
1876 619479 400
1877 619490 400
1878 619501 400
1879 619513 400
1880 619524 400
1881 619535 400
1882 619546 400
1883 619557 400
1884 619569 400
1885 619582 400
1886 619593 400
1887 619604 400
1888 619616 400
1889 619627 400
1890 619639 400
1891 619650 400
1892 619661 400
1893 619672 400
1894 619682 400
1895 619694 400
1896 619704 400
1897 619714 400
1898 619725 400
1899 619735 400
1900 650758 400
1901 650787 400
1902 650801 400
1903 650813 400
1904 650825 400
1905 650848 400
1906 650859 400
1907 650871 400
1908 650882 400
1909 650894 400
1910 650905 400
1911 650917 400
1912 650928 400
1913 650939 400
1914 650950 400
1915 650961 400
1916 650973 400
1917 651930 400
1918 651958 400
1919 651971 400
1920 651983 400
1921 651998 400
1922 652010 400
1923 652021 400
1924 652033 400
1925 652044 400
1926 652057 400
1927 652068 400
1928 652079 400
1929 652091 400
1930 652102 400
1931 652115 400
1932 652126 400
1933 652138 400
1934 652149 400
1935 652160 400
1936 652172 400
1937 652184 400
1938 652195 400
1939 652207 400
1940 652218 400
1941 652229 400
1942 652241 400
1943 652253 400
1944 652264 400
1945 652275 400
1946 652287 400
1947 652308 400
1948 652319 400
1949 652330 400
1950 652341 400
1951 652352 400
1952 652364 400
1953 652375 400
1954 652386 400
1955 652397 400
1956 652409 400
1957 652420 400
1958 652431 400
1959 652442 400
1960 652453 400
1961 652464 400
1962 652475 400
1963 652487 400
1964 652498 400
1965 652509 400
1966 652520 400
1967 652531 400
1968 652544 400
1969 652555 400
1970 652566 400
1971 652577 400
1972 652588 400
1973 652600 400
1974 652611 400
1975 652622 400
1976 652633 400
1977 652644 400
1978 652656 400
1979 652667 400
1980 652678 400
1981 652689 400
1982 652700 400
1983 652711 400
1984 652723 400
1985 652734 400
1986 652745 400
1987 652757 400
1988 652768 400
1989 652780 400
1990 652791 400
1991 652802 400
1992 652813 400
1993 652823 400
1994 652835 400
1995 652845 400
1996 652856 400
1997 652866 400
1998 652876 400
1999 652888 400
2000 683933 400
2001 683962 400
2002 683976 400
2003 683988 400
2004 684000 400
2005 684022 400
2006 684034 400
2007 684045 400
2008 684056 400
2009 684067 400
2010 684079 400
2011 684090 400
2012 684101 400
2013 684112 400
2014 684124 400
2015 684135 400
2016 684146 400
2017 685104 400
2018 685131 400
2019 685145 400
2020 685159 400
2021 685171 400
2022 685182 400
2023 685194 400
2024 685205 400
2025 685217 400
2026 685229 400
2027 685240 400
2028 685252 400
2029 685263 400
2030 685275 400
2031 685287 400
2032 685298 400
2033 685309 400
2034 685321 400
2035 685332 400
2036 685344 400
2037 685356 400
2038 685367 400
2039 685379 400
2040 685390 400
2041 685403 400
2042 685414 400
2043 685426 400
2044 685437 400
2045 685449 400
2046 685461 400
2047 685481 400
2048 685492 400
2049 685503 400
2050 685514 400
2051 685525 400
2052 685537 400
2053 685548 400
2054 685559 400
2055 685570 400
2056 685581 400
2057 685593 400
2058 685604 400
2059 685615 400
2060 685626 400
2061 685637 400
2062 685649 400
2063 685660 400
2064 685671 400
2065 685682 400
2066 685693 400
2067 685705 400
2068 685716 400
2069 685727 400
2070 685738 400
2071 685749 400
2072 685760 400
2073 685771 400
2074 685782 400
2075 685793 400
2076 685804 400
2077 685815 400
2078 685827 400
2079 685838 400
2080 685849 400
2081 685860 400
2082 685871 400
2083 685884 400
2084 685895 400
2085 685906 400
2086 685917 400
2087 685928 400
2088 685940 400
2089 685951 400
2090 685961 400
2091 685973 400
2092 685983 400
2093 685995 400
2094 686005 400
2095 686015 400
2096 686026 400
2097 686036 400
2098 686047 400
2099 686058 400
2100 717089 400
2101 717118 400
2102 717132 400
2103 717144 400
2104 717160 400
2105 717181 400
2106 717193 400
2107 717205 400
2108 717216 400
2109 717228 400
2110 717239 400
2111 717250 400
2112 717261 400
2113 717273 400
2114 717284 400
2115 717296 400
2116 718257 400
2117 718284 400
2118 718297 400
2119 718309 400
2120 718323 400
2121 718334 400
2122 718346 400
2123 718357 400
2124 718368 400
2125 718381 400
2126 718392 400
2127 718403 400
2128 718415 400
2129 718426 400
2130 718439 400
2131 718450 400
2132 718461 400
2133 718472 400
2134 718483 400
2135 718495 400
2136 718506 400
2137 718516 400
2138 718527 400
2139 718538 400
2140 718550 400
2141 718564 400
2142 718575 400
2143 718586 400
2144 718598 400
2145 718609 400
2146 718630 400
2147 718641 400
2148 718652 400
2149 718663 400
2150 718674 400
2151 718687 400
2152 718698 400
2153 718709 400
2154 718720 400
2155 718731 400
2156 718743 400
2157 718754 400
2158 718765 400
2159 718776 400
2160 718787 400
2161 718799 400
2162 718810 400
2163 718821 400
2164 718833 400
2165 718844 400
2166 718855 400
2167 718866 400
2168 718877 400
2169 718889 400
2170 718900 400
2171 718911 400
2172 718923 400
2173 718935 400
2174 718946 400
2175 718957 400
2176 718968 400
2177 718980 400
2178 718991 400
2179 719003 400
2180 719014 400
2181 719025 400
2182 719037 400
2183 719048 400
2184 719059 400
2185 719070 400
2186 719081 400
2187 719093 400
2188 719104 400
2189 719115 400
2190 719127 400
2191 719138 400
2192 719149 400
2193 719160 400
2194 719170 400
2195 719181 400
2196 719192 400
2197 719202 400
2198 719213 400
2199 719224 400
2200 750226 400
2201 750254 400
2202 750268 400
2203 750283 400
2204 750298 400
2205 750324 400
2206 750336 400
2207 750348 400
2208 750361 400
2209 750372 400
2210 750383 400
2211 750394 400
2212 750405 400
2213 750417 400
2214 750429 400
2215 750440 400
2216 750451 400
2217 751385 400
2218 751398 400
2219 751411 400
2220 751422 400
2221 751434 400
2222 751446 400
2223 751457 400
2224 751470 400
2225 751481 400
2226 751493 400
2227 751504 400
2228 751516 400
2229 751529 400
2230 751541 400
2231 751552 400
2232 751564 400
2233 751575 400
2234 751588 400
2235 751599 400
2236 751611 400
2237 751622 400
2238 751634 400
2239 751645 400
2240 751658 400
2241 751669 400
2242 751681 400
2243 751692 400
2244 751703 400
2245 751716 400
2246 751728 400
2247 751739 400
2248 751751 400
2249 751771 400
2250 751783 400
2251 751794 400
2252 751805 400
2253 751816 400
2254 751827 400
2255 751839 400
2256 751850 400
2257 751862 400
2258 751873 400
2259 751884 400
2260 751895 400
2261 751907 400
2262 751918 400
2263 751929 400
2264 751940 400
2265 751951 400
2266 751963 400
2267 751974 400
2268 751985 400
2269 751996 400
2270 752007 400
2271 752019 400
2272 752031 400
2273 752042 400
2274 752053 400
2275 752064 400
2276 752076 400
2277 752087 400
2278 752098 400
2279 752109 400
2280 752120 400
2281 752132 400
2282 752143 400
2283 752154 400
2284 752165 400
2285 752176 400
2286 752187 400
2287 752199 400
2288 752210 400
2289 752221 400
2290 752232 400
2291 752243 400
2292 752255 400
2293 752266 400
2294 752276 400
2295 752287 400
2296 752298 400
2297 752309 400
2298 752320 400
2299 752330 400
2300 783401 400
2301 783430 400
2302 783446 400
2303 783459 400
2304 783471 400
2305 783492 400
2306 783504 400
2307 783515 400
2308 783527 400
2309 783538 400
2310 783550 400
2311 783561 400
2312 783571 400
2313 783583 400
2314 783594 400
2315 783605 400
2316 783617 400
2317 783627 400
2318 784577 400
2319 784604 400
2320 784618 400
2321 784630 400
2322 784642 400
2323 784655 400
2324 784666 400
2325 784678 400
2326 784689 400
2327 784701 400
2328 784713 400
2329 784724 400
2330 784735 400
2331 784747 400
2332 784758 400
2333 784770 400
2334 784782 400
2335 784794 400
2336 784805 400
2337 784836 400
2338 784854 400
2339 784873 400
2340 784890 400
2341 784907 400
2342 784924 400
2343 784950 400
2344 784970 400
2345 784988 400
2346 785005 400
2347 785023 400
2348 785042 400
2349 785063 400
2350 785082 400
2351 785102 400
2352 785123 400
2353 785142 400
2354 785162 400
2355 785184 400
2356 785204 400
2357 785224 400
2358 785242 400
2359 785260 400
2360 785281 400
2361 785301 400
2362 785320 400
2363 785339 400
2364 785358 400
2365 785381 400
2366 785401 400
2367 785422 400
2368 785443 400
2369 785464 400
2370 785487 400
2371 785508 400
2372 785529 400
2373 785546 400
2374 785563 400
2375 785580 400
2376 785601 400
2377 785619 400
2378 785639 400
2379 785657 400
2380 785675 400
2381 785696 400
2382 785715 400
2383 785735 400
2384 785752 400
2385 785770 400
2386 785791 400
2387 785811 400
2388 785831 400
2389 785852 400
2390 785870 400
2391 785892 400
2392 785910 400
2393 785927 400
2394 785943 400
2395 785959 400
2396 785977 400
2397 785997 400
2398 786014 400
2399 786052 400
2400 816500 400
2401 816540 400
2402 816555 400
2403 816568 400
2404 816579 400
2405 816591 400
2406 816612 400
2407 816624 400
2408 816635 400
2409 816646 400
2410 816656 400
2411 816667 400
2412 816679 400
2413 816691 400
2414 816702 400
2415 816712 400
2416 816723 400
2417 816735 400
2418 816745 400
2419 816756 400
2420 816767 400
2421 817689 400
2422 817717 400
2423 817732 400
2424 817743 400
2425 817755 400
2426 817766 400
2427 817778 400
2428 817790 400
2429 817801 400
2430 817812 400
2431 817823 400
2432 817834 400
2433 817846 400
2434 817857 400
2435 817868 400
2436 817880 400
2437 817891 400
2438 817903 400
2439 817914 400
2440 817925 400
2441 817936 400
2442 817947 400
2443 817959 400
2444 817970 400
2445 817981 400
2446 817991 400
2447 818003 400
2448 818014 400
2449 818026 400
2450 818046 400
2451 818057 400
2452 818068 400
2453 818079 400
2454 818090 400
2455 818101 400
2456 818112 400
2457 818123 400
2458 818133 400
2459 818146 400
2460 818157 400
2461 818167 400
2462 818178 400
2463 818189 400
2464 818200 400
2465 818211 400
2466 818222 400
2467 818232 400
2468 818243 400
2469 818254 400
2470 818265 400
2471 818276 400
2472 818287 400
2473 818298 400
2474 818308 400
2475 818320 400
2476 818330 400
2477 818341 400
2478 818352 400
2479 818362 400
2480 818374 400
2481 818384 400
2482 818395 400
2483 818406 400
2484 818416 400
2485 818428 400
2486 818439 400
2487 818449 400
2488 818460 400
2489 818470 400
2490 818482 400
2491 818492 400
2492 818503 400
2493 818513 400
2494 818523 400
2495 818534 400
2496 818544 400
2497 818555 400
2498 818565 400
2499 818575 400
2500 849598 400
2501 849629 400
2502 849645 400
2503 849657 400
2504 849669 400
2505 849689 400
2506 849701 400
2507 849712 400
2508 849723 400
2509 849734 400
2510 849744 400
2511 849756 400
2512 849767 400
2513 849777 400
2514 849788 400
2515 849799 400
2516 849810 400
2517 849821 400
2518 850772 400
2519 850799 400
2520 850812 400
2521 850824 400
2522 850837 400
2523 850848 400
2524 850859 400
2525 850871 400
2526 850882 400
2527 850894 400
2528 850905 400
2529 850916 400
2530 850927 400
2531 850938 400
2532 850951 400
2533 850962 400
2534 850973 400
2535 850984 400
2536 850995 400
2537 851007 400
2538 851018 400
2539 851029 400
2540 851040 400
2541 851051 400
2542 851062 400
2543 851074 400
2544 851085 400
2545 851096 400
2546 851107 400
2547 851118 400
2548 851140 400
2549 851151 400
2550 851162 400
2551 851173 400
2552 851183 400
2553 851195 400
2554 851206 400
2555 851216 400
2556 851227 400
2557 851238 400
2558 851249 400
2559 851260 400
2560 851271 400
2561 851288 400
2562 851299 400
2563 851309 400
2564 851321 400
2565 851332 400
2566 851343 400
2567 851353 400
2568 851364 400
2569 851376 400
2570 851386 400
2571 851397 400
2572 851408 400
2573 851418 400
2574 851431 400
2575 851442 400
2576 851453 400
2577 851463 400
2578 851474 400
2579 851486 400
2580 851496 400
2581 851524 400
2582 851539 400
2583 851552 400
2584 851565 400
2585 851576 400
2586 851587 400
2587 851598 400
2588 851609 400
2589 851620 400
2590 851632 400
2591 851643 400
2592 851654 400
2593 851665 400
2594 851675 400
2595 851687 400
2596 851697 400
2597 851717 400
2598 851727 400
2599 851737 400
2600 882715 400
2601 882744 400
2602 882757 400
2603 882769 400
2604 882781 400
2605 882795 400
2606 882816 400
2607 882828 400
2608 882838 400
2609 882849 400
2610 882859 400
2611 882871 400
2612 882881 400
2613 882892 400
2614 882903 400
2615 882914 400
2616 882925 400
2617 882936 400
2618 883891 400
2619 883918 400
2620 883932 400
2621 883945 400
2622 883957 400
2623 883968 400
2624 883979 400
2625 883990 400
2626 884002 400
2627 884014 400
2628 884025 400
2629 884036 400
2630 884047 400
2631 884058 400
2632 884070 400
2633 884081 400
2634 884092 400
2635 884103 400
2636 884119 400
2637 884138 400
2638 884154 400
2639 884173 400
2640 884190 400
2641 884207 400
2642 884237 400
2643 884254 400
2644 884272 400
2645 884289 400
2646 884308 400
2647 884329 400
2648 884349 400
2649 884368 400
2650 884385 400
2651 884404 400
2652 884425 400
2653 884448 400
2654 884468 400
2655 884488 400
2656 884509 400
2657 884527 400
2658 884549 400
2659 884569 400
2660 884589 400
2661 884607 400
2662 884627 400
2663 884647 400
2664 884667 400
2665 884688 400
2666 884708 400
2667 884729 400
2668 884752 400
2669 884773 400
2670 884792 400
2671 884809 400
2672 884825 400
2673 884846 400
2674 884865 400
2675 884884 400
2676 884901 400
2677 884918 400
2678 884936 400
2679 884957 400
2680 884974 400
2681 884991 400
2682 885008 400
2683 885025 400
2684 885043 400
2685 885060 400
2686 885077 400
2687 885094 400
2688 885112 400
2689 885132 400
2690 888234 400
2691 888262 400
2692 888275 400
2693 888296 400
2694 888308 400
2695 888319 400
2696 888330 400
2697 888341 400
2698 888352 400
2699 888364 400
2700 915780 400
2701 915818 400
2702 916870 400
2703 916907 400
2704 916928 400
2705 916950 400
2706 916970 400
2707 916988 400
2708 917005 400
2709 917023 400
2710 917043 400
2711 917060 400
2712 917077 400
2713 917094 400
2714 917110 400
2715 917129 400
2716 917146 400
2717 917163 400
2718 917179 400
2719 917195 400
2720 917213 400
2721 917229 400
2722 917246 400
2723 917262 400
2724 917278 400
2725 917295 400
2726 917312 400
2727 917328 400
2728 917344 400
2729 917361 400
2730 917378 400
2731 917398 400
2732 917414 400
2733 917430 400
2734 917447 400
2735 917463 400
2736 917479 400
2737 917494 400
2738 917510 400
2739 917525 400
2740 917540 400
2741 917557 400
2742 917573 400
2743 917591 400
2744 917608 400
2745 917625 400
2746 917645 400
2747 917662 400
2748 917679 400
2749 917696 400
2750 917713 400
2751 917730 400
2752 917748 400
2753 917765 400
2754 917782 400
2755 917799 400
2756 917815 400
2757 917834 400
2758 917851 400
2759 917867 400
2760 917883 400
2761 917901 400
2762 917922 400
2763 917940 400
2764 917958 400
2765 917975 400
2766 917993 400
2767 918015 400
2768 918034 400
2769 918053 400
2770 918070 400
2771 918091 400
2772 918109 400
2773 918132 400
2774 918152 400
2775 918173 400
2776 918194 400
2777 918213 400
2778 918237 400
2779 918258 400
2780 918277 400
2781 918296 400
2782 918315 400
2783 918338 400
2784 918359 400
2785 918380 400
2786 918399 400
2787 918419 400
2788 918442 400
2789 918464 400
2790 918483 400
2791 918505 400
2792 918526 400
2793 918548 400
2794 918569 400
2795 918590 400
2796 918609 400
2797 918628 400
2798 918647 400
2799 918668 400
2800 948884 400
2801 948914 400
2802 948928 400
2803 948949 400
2804 948961 400
2805 948972 400
2806 948982 400
2807 948999 400
2808 949014 400
2809 949028 400
2810 949039 400
2811 949050 400
2812 949060 400
2813 949071 400
2814 949082 400
2815 949095 400
2816 950029 400
2817 950055 400
2818 950068 400
2819 950081 400
2820 950095 400
2821 950106 400
2822 950118 400
2823 950129 400
2824 950140 400
2825 950152 400
2826 950163 400
2827 950174 400
2828 950185 400
2829 950196 400
2830 950208 400
2831 950220 400
2832 950231 400
2833 950242 400
2834 950253 400
2835 950265 400
2836 950276 400
2837 950296 400
2838 950307 400
2839 950317 400
2840 950329 400
2841 950340 400
2842 950350 400
2843 950361 400
2844 950372 400
2845 950383 400
2846 950394 400
2847 950405 400
2848 950416 400
2849 950427 400
2850 950438 400
2851 950449 400
2852 950460 400
2853 950470 400
2854 950481 400
2855 950491 400
2856 950502 400
2857 950512 400
2858 950522 400
2859 950532 400
2860 950543 400
2861 950555 400
2862 950566 400
2863 950583 400
2864 950595 400
2865 950606 400
2866 950617 400
2867 950629 400
2868 950639 400
2869 950650 400
2870 950661 400
2871 950671 400
2872 950683 400
2873 950694 400
2874 950705 400
2875 950715 400
2876 950726 400
2877 950738 400
2878 950749 400
2879 950760 400
2880 950770 400
2881 950781 400
2882 950793 400
2883 950804 400
2884 950815 400
2885 950825 400
2886 950836 400
2887 950847 400
2888 950858 400
2889 950869 400
2890 950880 400
2891 950891 400
2892 950901 400
2893 950914 400
2894 950924 400
2895 950934 400
2896 950944 400
2897 950954 400
2898 950966 400
2899 950976 400
2900 981993 400
2901 982022 400
2902 982035 400
2903 982058 400
2904 982069 400
2905 982080 400
2906 982091 400
2907 982102 400
2908 982114 400
2909 982127 400
2910 982138 400
2911 982149 400
2912 982160 400
2913 982170 400
2914 983130 400
2915 983156 400
2916 983169 400
2917 983181 400
2918 983192 400
2919 983205 400
2920 983216 400
2921 983227 400
2922 983239 400
2923 983250 400
2924 983262 400
2925 983273 400
2926 983289 400
2927 983301 400
2928 983312 400
2929 983324 400
2930 983335 400
2931 983346 400
2932 983357 400
2933 983368 400
2934 983379 400
2935 983391 400
2936 983402 400
2937 983422 400
2938 983433 400
2939 983444 400
2940 983456 400
2941 983466 400
2942 983477 400
2943 983488 400
2944 983498 400
2945 983511 400
2946 983522 400
2947 983532 400
2948 983543 400
2949 983554 400
2950 983565 400
2951 983576 400
2952 983587 400
2953 983598 400
2954 983610 400
2955 983621 400
2956 983632 400
2957 983643 400
2958 983654 400
2959 983664 400
2960 983675 400
2961 983687 400
2962 983698 400
2963 983709 400
2964 983719 400
2965 983730 400
2966 983741 400
2967 983752 400
2968 983762 400
2969 983773 400
2970 983784 400
2971 983796 400
2972 983806 400
2973 983817 400
2974 983827 400
2975 983838 400
2976 983849 400
2977 983860 400
2978 983871 400
2979 983881 400
2980 983892 400
2981 983903 400
2982 983915 400
2983 983926 400
2984 983937 400
2985 983947 400
2986 983958 400
2987 983970 400
2988 983981 400
2989 983992 400
2990 984002 400
2991 984013 400
2992 984025 400
2993 984035 400
2994 984045 400
2995 984055 400
2996 984065 400
2997 984076 400
2998 984086 400
2999 984096 400
3000 1015066 400
3001 1015094 400
3002 1015110 400
3003 1015130 400
3004 1015142 400
3005 1015153 400
3006 1015164 400
3007 1015175 400
3008 1015187 400
3009 1015198 400
3010 1015209 400
3011 1015219 400
3012 1015230 400
3013 1015242 400
3014 1015253 400
3015 1015264 400
3016 1016209 400
3017 1016235 400
3018 1016250 400
3019 1016262 400
3020 1016273 400
3021 1016285 400
3022 1016296 400
3023 1016308 400
3024 1016319 400
3025 1016330 400
3026 1016341 400
3027 1016352 400
3028 1016363 400
3029 1016375 400
3030 1016386 400
3031 1016397 400
3032 1016408 400
3033 1016419 400
3034 1016432 400
3035 1016442 400
3036 1016454 400
3037 1016474 400
3038 1016484 400
3039 1016496 400
3040 1016507 400
3041 1016518 400
3042 1016529 400
3043 1016539 400
3044 1016551 400
3045 1016562 400
3046 1016573 400
3047 1016583 400
3048 1016594 400
3049 1016605 400
3050 1016616 400
3051 1016627 400
3052 1016637 400
3053 1016648 400
3054 1016659 400
3055 1016670 400
3056 1016680 400
3057 1016698 400
3058 1016709 400
3059 1016720 400
3060 1016732 400
3061 1016742 400
3062 1016753 400
3063 1016764 400
3064 1016774 400
3065 1016786 400
3066 1016797 400
3067 1016807 400
3068 1016818 400
3069 1016828 400
3070 1016840 400
3071 1016850 400
3072 1016861 400
3073 1016872 400
3074 1016883 400
3075 1016894 400
3076 1016905 400
3077 1016916 400
3078 1016926 400
3079 1016937 400
3080 1016947 400
3081 1016959 400
3082 1016970 400
3083 1016980 400
3084 1016991 400
3085 1017001 400
3086 1017013 400
3087 1017024 400
3088 1017034 400
3089 1017045 400
3090 1017056 400
3091 1017067 400
3092 1017078 400
3093 1017088 400
3094 1017098 400
3095 1017108 400
3096 1017119 400
3097 1017129 400
3098 1017139 400
3099 1017149 400
3100 1048198 400
3101 1049288 400
3102 1049320 400
3103 1049335 400
3104 1049349 400
3105 1049361 400
3106 1049373 400
3107 1049385 400
3108 1049397 400
3109 1049408 400
3110 1049419 400
3111 1049430 400
3112 1049443 400
3113 1049454 400
3114 1049465 400
3115 1049476 400
3116 1049487 400
3117 1049499 400
3118 1049511 400
3119 1049522 400
3120 1049533 400
3121 1049544 400
3122 1049555 400
3123 1049567 400
3124 1049578 400
3125 1049589 400
3126 1049600 400
3127 1049611 400
3128 1049623 400
3129 1049634 400
3130 1049645 400
3131 1049656 400
3132 1049667 400
3133 1049679 400
3134 1049690 400
3135 1049701 400
3136 1049712 400
3137 1049723 400
3138 1049735 400
3139 1049746 400
3140 1049757 400
3141 1049769 400
3142 1049780 400
3143 1049791 400
3144 1049803 400
3145 1049814 400
3146 1049825 400
3147 1049836 400
3148 1049847 400
3149 1049859 400
3150 1049870 400
3151 1049881 400
3152 1049892 400
3153 1049903 400
3154 1049915 400
3155 1049929 400
3156 1049940 400
3157 1049951 400
3158 1049962 400
3159 1049974 400
3160 1049985 400
3161 1050535 400
3162 1050562 400
3163 1050576 400
3164 1050590 400
3165 1050601 400
3166 1050612 400
3167 1050624 400
3168 1050634 400
3169 1050646 400
3170 1050667 400
3171 1050678 400
3172 1050689 400
3173 1050700 400
3174 1050721 400
3175 1050733 400
3176 1050754 400
3177 1050765 400
3178 1050775 400
3179 1050786 400
3180 1050798 400
3181 1050809 400
3182 1050820 400
3183 1050830 400
3184 1050841 400
3185 1050853 400
3186 1050864 400
3187 1050874 400
3188 1050885 400
3189 1050896 400
3190 1050907 400
3191 1050918 400
3192 1050929 400
3193 1050939 400
3194 1050949 400
3195 1050959 400
3196 1050970 400
3197 1050981 400
3198 1050991 400
3199 1051001 400
3200 1082036 400
3201 1082067 400
3202 1082080 400
3203 1082091 400
3204 1082102 400
3205 1082114 400
3206 1082126 400
3207 1082136 400
3208 1082147 400
3209 1082157 400
3210 1082168 400
3211 1082180 400
3212 1082191 400
3213 1082204 400
3214 1082214 400
3215 1082226 400
3216 1082236 400
3217 1082248 400
3218 1082259 400
3219 1082271 400
3220 1082281 400
3221 1082292 400
3222 1082304 400
3223 1082315 400
3224 1082326 400
3225 1082337 400
3226 1082348 400
3227 1082361 400
3228 1082372 400
3229 1082384 400
3230 1082395 400
3231 1082406 400
3232 1082418 400
3233 1082429 400
3234 1082440 400
3235 1082451 400
3236 1082462 400
3237 1082474 400
3238 1082485 400
3239 1082497 400
3240 1082508 400
3241 1083221 400
3242 1083233 400
3243 1083244 400
3244 1083255 400
3245 1083266 400
3246 1083280 400
3247 1083292 400
3248 1083305 400
3249 1083316 400
3250 1083327 400
3251 1083338 400
3252 1083348 400
3253 1083360 400
3254 1083370 400
3255 1083381 400
3256 1083392 400
3257 1083402 400
3258 1083414 400
3259 1083424 400
3260 1083435 400
3261 1083445 400
3262 1083456 400
3263 1083467 400
3264 1083478 400
3265 1083489 400
3266 1083499 400
3267 1083510 400
3268 1083521 400
3269 1083532 400
3270 1083542 400
3271 1083553 400
3272 1083564 400
3273 1083574 400
3274 1083585 400
3275 1083596 400
3276 1083606 400
3277 1083617 400
3278 1083628 400
3279 1083639 400
3280 1083650 400
3281 1083660 400
3282 1083671 400
3283 1083681 400
3284 1083692 400
3285 1083703 400
3286 1083714 400
3287 1083724 400
3288 1083735 400
3289 1083746 400
3290 1083757 400
3291 1083767 400
3292 1083778 400
3293 1083788 400
3294 1083798 400
3295 1083810 400
3296 1083820 400
3297 1083829 400
3298 1083839 400
3299 1083873 400
3300 1114705 400
3301 1114759 400
3302 1114781 400
3303 1114799 400
3304 1114817 400
3305 1114836 400
3306 1114854 400
3307 1114873 400
3308 1114892 400
3309 1114911 400
3310 1114931 400
3311 1114956 400
3312 1114975 400
3313 1114995 400
3314 1115013 400
3315 1115031 400
3316 1115052 400
3317 1115071 400
3318 1115091 400
3319 1115109 400
3320 1115128 400
3321 1115148 400
3322 1115166 400
3323 1115185 400
3324 1115204 400
3325 1115223 400
3326 1115244 400
3327 1115263 400
3328 1115289 400
3329 1115308 400
3330 1115327 400
3331 1115345 400
3332 1115366 400
3333 1115385 400
3334 1115419 400
3335 1115439 400
3336 1115460 400
3337 1115479 400
3338 1115499 400
3339 1115518 400
3340 1115537 400
3341 1115557 400
3342 1115577 400
3343 1115594 400
3344 1115921 400
3345 1115951 400
3346 1115970 400
3347 1115991 400
3348 1116008 400
3349 1116025 400
3350 1116043 400
3351 1116059 400
3352 1116078 400
3353 1116096 400
3354 1116112 400
3355 1116128 400
3356 1116144 400
3357 1116190 400
3358 1116209 400
3359 1116228 400
3360 1116245 400
3361 1116263 400
3362 1116282 400
3363 1116299 400
3364 1116317 400
3365 1116334 400
3366 1116352 400
3367 1116371 400
3368 1116388 400
3369 1116405 400
3370 1116423 400
3371 1116440 400
3372 1116457 400
3373 1116476 400
3374 1116493 400
3375 1116510 400
3376 1116527 400
3377 1116543 400
3378 1116563 400
3379 1116580 400
3380 1116597 400
3381 1116613 400
3382 1116629 400
3383 1116648 400
3384 1116665 400
3385 1116681 400
3386 1116698 400
3387 1116714 400
3388 1116732 400
3389 1116749 400
3390 1116765 400
3391 1116781 400
3392 1116798 400
3393 1116814 400
3394 1116831 400
3395 1116847 400
3396 1116865 400
3397 1116881 400
3398 1116897 400
3399 1116914 400
3400 1147374 400
3401 1153551 400
3402 1153576 400
3403 1153586 400
3404 1153601 400
3405 1153613 400
3406 1153624 400
3407 1153636 400
3408 1153648 400
3409 1153659 400
