0 3111 400
1 3252 400
2 3319 400
3 3386 400
4 3449 400
5 3512 400
6 3576 400
7 4226 400
8 4294 400
9 4345 400
10 4392 400
11 4438 400
12 4483 400
13 4529 400
14 4575 400
15 4621 400
16 4665 400
17 4710 400
18 4755 400
19 4800 400
20 4844 400
21 4889 400
22 4934 400
23 4980 400
24 5027 400
25 5071 400
26 5113 400
27 5155 400
28 5196 400
29 5238 400
30 5280 400
31 5322 400
32 5364 400
33 5406 400
34 5461 400
35 5505 400
36 5547 400
37 5590 400
38 5631 400
39 5678 400
40 5722 400
41 5765 400
42 5807 400
43 5849 400
44 5891 400
45 5934 400
46 5980 400
47 6042 400
48 6106 400
49 6169 400
50 6232 400
51 6295 400
52 6357 400
53 6419 400
54 6480 400
55 6540 400
56 6599 400
57 6664 400
58 6732 400
59 6797 400
60 6860 400
61 6926 400
62 6990 400
63 7055 400
64 7123 400
65 7189 400
66 7256 400
67 7321 400
68 7384 400
69 7447 400
70 7515 400
71 7580 400
72 7646 400
73 7723 400
74 7784 400
75 7846 400
76 7905 400
77 7965 400
78 8027 400
79 8088 400
80 8148 400
81 8206 400
82 8266 400
83 8324 400
84 8385 400
85 8445 400
86 8504 400
87 8564 400
88 8621 400
89 8677 400
90 8735 400
91 8796 400
92 8856 400
93 8920 400
94 8982 400
95 9037 400
96 9079 400
97 9119 400
98 9161 400
99 9201 400
100 326437 400
101 326534 400
102 326614 400
103 326692 400
104 326766 400
105 327530 400
106 327627 400
107 327708 400
108 327789 400
109 327869 400
110 327929 400
111 327974 400
112 328018 400
113 328064 400
114 328108 400
115 328153 400
116 328198 400
117 328243 400
118 328288 400
119 328333 400
120 328377 400
121 328431 400
122 328475 400
123 328517 400
124 328562 400
125 328606 400
126 328648 400
127 328692 400
128 328736 400
129 328780 400
130 328823 400
131 328864 400
132 328905 400
133 328951 400
134 329025 400
135 329099 400
136 329172 400
137 329246 400
138 329319 400
139 329373 400
140 329420 400
141 329461 400
142 329501 400
143 329543 400
144 329584 400
145 329626 400
146 329668 400
147 329709 400
148 329750 400
149 329791 400
150 329836 400
151 329878 400
152 329920 400
153 329960 400
154 330001 400
155 330042 400
156 330084 400
157 330125 400
158 330166 400
159 330208 400
160 330250 400
161 330291 400
162 330331 400
163 330372 400
164 330430 400
165 330502 400
166 330554 400
167 330596 400
168 330636 400
169 330678 400
170 330720 400
171 330762 400
172 330802 400
173 330843 400
174 330889 400
175 330932 400
176 330977 400
177 331018 400
178 331060 400
179 331101 400
180 331148 400
181 331189 400
182 331230 400
183 331271 400
184 331313 400
185 331358 400
186 331404 400
187 331447 400
188 331489 400
189 331529 400
190 331570 400
191 331611 400
192 331652 400
193 331693 400
194 331733 400
195 331774 400
196 331814 400
197 331855 400
198 331899 400
199 331940 400
200 650084 400
201 650189 400
202 650259 400
203 650324 400
204 650390 400
205 651197 400
206 651252 400
207 651292 400
208 651332 400
209 651368 400
210 651403 400
211 651439 400
212 651474 400
213 651512 400
214 651548 400
215 651583 400
216 651618 400
217 651654 400
218 651690 400
219 651725 400
220 651760 400
221 651794 400
222 651830 400
223 651866 400
224 651901 400
225 651936 400
226 651971 400
227 652012 400
228 652049 400
229 652084 400
230 652128 400
231 652162 400
232 652196 400
233 652230 400
234 652265 400
235 652299 400
236 652334 400
237 652368 400
238 652402 400
239 652437 400
240 652470 400
241 652505 400
242 652539 400
243 652572 400
244 652607 400
245 652641 400
246 652675 400
247 652709 400
248 652743 400
249 652777 400
250 652811 400
251 652845 400
252 652879 400
253 652913 400
254 652947 400
255 652981 400
256 653016 400
257 653050 400
258 653084 400
259 653118 400
260 653152 400
261 653186 400
262 653224 400
263 653263 400
264 653298 400
265 653334 400
266 653368 400
267 653403 400
268 653437 400
269 653471 400
270 653506 400
271 653540 400
272 653574 400
273 653608 400
274 653642 400
275 653678 400
276 653712 400
277 653746 400
278 653780 400
279 653815 400
280 653849 400
281 653884 400
282 653918 400
283 653953 400
284 653987 400
285 654021 400
286 654057 400
287 654091 400
288 654125 400
289 654160 400
290 654195 400
291 654230 400
292 654264 400
293 654298 400
294 654334 400
295 654367 400
296 654400 400
297 654433 400
298 654466 400
299 654499 400
300 971966 400
301 972045 400
302 972089 400
303 972131 400
304 972173 400
305 972213 400
306 972254 400
307 972294 400
308 973106 400
309 973163 400
310 973202 400
311 973239 400
312 973278 400
313 973314 400
314 973350 400
315 973386 400
316 973421 400
317 973458 400
318 973493 400
319 973529 400
320 973565 400
321 973600 400
322 973637 400
323 973673 400
324 973708 400
325 973748 400
326 973784 400
327 973819 400
328 973856 400
329 973891 400
330 973926 400
331 973962 400
332 973998 400
333 974034 400
334 974070 400
335 974105 400
336 974141 400
337 974176 400
338 974214 400
339 974249 400
340 974285 400
341 974320 400
342 974356 400
343 974393 400
344 974428 400
345 974464 400
346 974499 400
347 974535 400
348 974571 400
349 974607 400
350 974642 400
351 974678 400
352 974713 400
353 974749 400
354 974786 400
355 974821 400
356 974856 400
357 974892 400
358 974928 400
359 974964 400
360 974999 400
361 975035 400
362 975070 400
363 975105 400
364 975146 400
365 975181 400
366 975216 400
367 975254 400
368 975290 400
369 975326 400
370 975361 400
371 975397 400
372 975431 400
373 975467 400
374 975502 400
375 975539 400
376 975574 400
377 975610 400
378 975646 400
379 975681 400
380 975717 400
381 975753 400
382 975788 400
383 975824 400
384 975859 400
385 975895 400
386 975931 400
387 975966 400
388 976001 400
389 976037 400
390 976084 400
391 976126 400
392 976162 400
393 976198 400
394 976232 400
395 976266 400
396 976301 400
397 976335 400
398 976370 400
399 976403 400
400 1293829 400
401 1293908 400
402 1293953 400
403 1293995 400
404 1294036 400
405 1294077 400
406 1294120 400
407 1294159 400
408 1294200 400
409 1294240 400
410 1294280 400
411 1294322 400
412 1294994 400
413 1295051 400
414 1295088 400
415 1295132 400
416 1295172 400
417 1295209 400
418 1295245 400
419 1295282 400
420 1295318 400
421 1295353 400
422 1295390 400
423 1295425 400
424 1295461 400
425 1295497 400
426 1295533 400
427 1295570 400
428 1295606 400
429 1295641 400
430 1295677 400
431 1295713 400
432 1295749 400
433 1295785 400
434 1295821 400
435 1295857 400
436 1295892 400
437 1295929 400
438 1295964 400
439 1296000 400
440 1296036 400
441 1296072 400
442 1296107 400
443 1296144 400
444 1296181 400
445 1296216 400
446 1296252 400
447 1296288 400
448 1296325 400
449 1296361 400
450 1296396 400
451 1296431 400
452 1296467 400
453 1296504 400
454 1296539 400
455 1296574 400
456 1296610 400
457 1296646 400
458 1296733 400
459 1296770 400
460 1296806 400
461 1296842 400
462 1296878 400
463 1296915 400
464 1296951 400
465 1296988 400
466 1297025 400
467 1297060 400
468 1297095 400
469 1297131 400
470 1297166 400
471 1297202 400
472 1297237 400
473 1297272 400
474 1297308 400
475 1297343 400
476 1297378 400
477 1297413 400
478 1297448 400
479 1297484 400
480 1297519 400
481 1297554 400
482 1297589 400
483 1297624 400
484 1297660 400
485 1297695 400
486 1297730 400
487 1297766 400
488 1297801 400
489 1297836 400
490 1297878 400
491 1297913 400
492 1297949 400
493 1297984 400
494 1298018 400
495 1298053 400
496 1298087 400
497 1298120 400
498 1298154 400
499 1298188 400
500 1615673 400
501 1615745 400
502 1615787 400
503 1615827 400
504 1615866 400
505 1615907 400
506 1615947 400
507 1616805 400
508 1616863 400
509 1616901 400
510 1616941 400
511 1616977 400
512 1617013 400
513 1617048 400
514 1617083 400
515 1617119 400
516 1617155 400
517 1617190 400
518 1617248 400
519 1617285 400
520 1617320 400
521 1617367 400
522 1617403 400
523 1617439 400
524 1617478 400
525 1617559 400
526 1617599 400
527 1617636 400
528 1617672 400
529 1617709 400
530 1617747 400
531 1617783 400
532 1617819 400
533 1617854 400
534 1617890 400
535 1617926 400
536 1617963 400
537 1617999 400
538 1618035 400
539 1618071 400
540 1618107 400
541 1618145 400
542 1618181 400
543 1618217 400
544 1618252 400
545 1618287 400
546 1618323 400
547 1618358 400
548 1618393 400
549 1618429 400
550 1618465 400
551 1618502 400
552 1618538 400
553 1618573 400
554 1618608 400
555 1618643 400
556 1618678 400
557 1618719 400
558 1618753 400
559 1618788 400
560 1618822 400
561 1618857 400
562 1618893 400
563 1618927 400
564 1618961 400
565 1618995 400
566 1619030 400
567 1619065 400
568 1619099 400
569 1619142 400
570 1619177 400
571 1619211 400
572 1619246 400
573 1619281 400
574 1619315 400
575 1619349 400
576 1619384 400
577 1619419 400
578 1619453 400
579 1619488 400
580 1619522 400
581 1619555 400
582 1619590 400
583 1619625 400
584 1619659 400
585 1619693 400
586 1619726 400
587 1619760 400
588 1619795 400
589 1619829 400
590 1619863 400
591 1619896 400
592 1619930 400
593 1619965 400
594 1619998 400
595 1620031 400
596 1620064 400
597 1620097 400
598 1620132 400
599 1620164 400
600 1937951 400
601 1938041 400
602 1938100 400
603 1938141 400
604 1939035 400
605 1939078 400
606 1939117 400
607 1939161 400
608 1939202 400
609 1939243 400
610 1939283 400
611 1939321 400
612 1939360 400
613 1939401 400
614 1939440 400
615 1939479 400
616 1939518 400
617 1939558 400
618 1939596 400
619 1939632 400
620 1939666 400
621 1939700 400
622 1939734 400
623 1939769 400
624 1939803 400
625 1939837 400
626 1939872 400
627 1939906 400
628 1939940 400
629 1939975 400
630 1940011 400
631 1940045 400
632 1940079 400
633 1940113 400
634 1940147 400
635 1940183 400
636 1940216 400
637 1940250 400
638 1940284 400
639 1940318 400
640 1940353 400
641 1940387 400
642 1940421 400
643 1940455 400
644 1940488 400
645 1940523 400
646 1940557 400
647 1940591 400
648 1940625 400
649 1940659 400
650 1940693 400
651 1940728 400
652 1940762 400
653 1940796 400
654 1940830 400
655 1940864 400
656 1940899 400
657 1940932 400
658 1940966 400
659 1941000 400
660 1941033 400
661 1941068 400
662 1941107 400
663 1941141 400
664 1941175 400
665 1941209 400
666 1941246 400
667 1941280 400
668 1941313 400
669 1941347 400
670 1941380 400
671 1941414 400
672 1941449 400
673 1941482 400
674 1941516 400
675 1941549 400
676 1941583 400
677 1941618 400
678 1941652 400
679 1941685 400
680 1941730 400
681 1941766 400
682 1941801 400
683 1941835 400
684 1941869 400
685 1941903 400
686 1941938 400
687 1941972 400
688 1942006 400
689 1942040 400
690 1942074 400
691 1942108 400
692 1942144 400
693 1942177 400
694 1942210 400
695 1942242 400
696 1942274 400
697 1942307 400
698 1942339 400
699 1942371 400
700 2260805 400
701 2260878 400
702 2260923 400
703 2260962 400
704 2261882 400
705 2261922 400
706 2261959 400
707 2261998 400
708 2262035 400
709 2262070 400
710 2262106 400
711 2262141 400
712 2262179 400
713 2262214 400
714 2262251 400
715 2262288 400
716 2262324 400
717 2262386 400
718 2262419 400
719 2262449 400
720 2262480 400
721 2262510 400
722 2262540 400
723 2262571 400
724 2262606 400
725 2262637 400
726 2262668 400
727 2262698 400
728 2262730 400
729 2262762 400
730 2262794 400
731 2262826 400
732 2262858 400
733 2262891 400
734 2262923 400
735 2262953 400
736 2262985 400
737 2263017 400
738 2263049 400
739 2263081 400
740 2263112 400
741 2263150 400
742 2263181 400
743 2263223 400
744 2263257 400
745 2263289 400
746 2263322 400
747 2263354 400
748 2263387 400
749 2263420 400
750 2263453 400
751 2263494 400
752 2263526 400
753 2263558 400
754 2263604 400
755 2263637 400
756 2263669 400
757 2263702 400
758 2263735 400
759 2263768 400
760 2263801 400
761 2263841 400
762 2263872 400
763 2263904 400
764 2263938 400
765 2263980 400
766 2264013 400
767 2264046 400
768 2264077 400
769 2264109 400
770 2264142 400
771 2264173 400
772 2264204 400
773 2264236 400
774 2264267 400
775 2264300 400
776 2264332 400
777 2264363 400
778 2264394 400
779 2264426 400
780 2264457 400
781 2264489 400
782 2264520 400
783 2264551 400
784 2264583 400
785 2264615 400
786 2264647 400
787 2264679 400
788 2264710 400
789 2264741 400
790 2264772 400
791 2264805 400
792 2264836 400
793 2264868 400
794 2264898 400
795 2264928 400
796 2264959 400
797 2264988 400
798 2265018 400
799 2265047 400
800 2583629 400
801 2583711 400
802 2583769 400
803 2583819 400
804 2583866 400
805 2584737 400
806 2584798 400
807 2584841 400
808 2584912 400
809 2584961 400
810 2585009 400
811 2585058 400
812 2585105 400
813 2585163 400
814 2585209 400
815 2585257 400
816 2585304 400
817 2585357 400
818 2585401 400
819 2585444 400
820 2585487 400
821 2585530 400
822 2585574 400
823 2585617 400
824 2585658 400
825 2585700 400
826 2585742 400
827 2585785 400
828 2585826 400
829 2585869 400
830 2585911 400
831 2585953 400
832 2585996 400
833 2586039 400
834 2586081 400
835 2586122 400
836 2586164 400
837 2586207 400
838 2586249 400
839 2586291 400
840 2586333 400
841 2586374 400
842 2586415 400
843 2586459 400
844 2586500 400
845 2586542 400
846 2586583 400
847 2586624 400
848 2586666 400
849 2586707 400
850 2586749 400
851 2586789 400
852 2586829 400
853 2586871 400
854 2586912 400
855 2586952 400
856 2586992 400
857 2587032 400
858 2587073 400
859 2587114 400
860 2587162 400
861 2587203 400
862 2587243 400
863 2587283 400
864 2587325 400
865 2587365 400
866 2587405 400
867 2587445 400
868 2587486 400
869 2587528 400
870 2587569 400
871 2587610 400
872 2587651 400
873 2587693 400
874 2587734 400
875 2587786 400
876 2587832 400
877 2587867 400
878 2587901 400
879 2587936 400
880 2587970 400
881 2588003 400
882 2588036 400
883 2588069 400
884 2588104 400
885 2588138 400
886 2588171 400
887 2588204 400
888 2588236 400
889 2588269 400
890 2588303 400
891 2588336 400
892 2588379 400
893 2588422 400
894 2588455 400
895 2588485 400
896 2588511 400
897 2588537 400
898 2588563 400
899 2588588 400
900 2906603 400
901 2906731 400
902 2906769 400
903 2906802 400
904 2906835 400
905 2906867 400
906 2906897 400
907 2906928 400
908 2906958 400
909 2906988 400
910 2907018 400
911 2907832 400
912 2907908 400
913 2907966 400
914 2908021 400
915 2908074 400
916 2908130 400
917 2908183 400
918 2908236 400
919 2908289 400
920 2908342 400
921 2908383 400
922 2908413 400
923 2908442 400
924 2908470 400
925 2908499 400
926 2908528 400
927 2908557 400
928 2908585 400
929 2908613 400
930 2908641 400
931 2908671 400
932 2908700 400
933 2908728 400
934 2908757 400
935 2908785 400
936 2908812 400
937 2908842 400
938 2908870 400
939 2908898 400
940 2908926 400
941 2908953 400
942 2908982 400
943 2909009 400
944 2909037 400
945 2909065 400
946 2909093 400
947 2909122 400
948 2909151 400
949 2909179 400
950 2909208 400
951 2909236 400
952 2909264 400
953 2909292 400
954 2909320 400
955 2909347 400
956 2909375 400
957 2909406 400
958 2909457 400
959 2909510 400
960 2909562 400
961 2909612 400
962 2909644 400
963 2909674 400
964 2909702 400
965 2909730 400
966 2909758 400
967 2909785 400
968 2909814 400
969 2909842 400
970 2909869 400
971 2909897 400
972 2909925 400
973 2909955 400
974 2909984 400
975 2910011 400
976 2910038 400
977 2910065 400
978 2910092 400
979 2910120 400
980 2910147 400
981 2910175 400
982 2910202 400
983 2910229 400
984 2910257 400
985 2910285 400
986 2910312 400
987 2910339 400
988 2910367 400
989 2910395 400
990 2910422 400
991 2910449 400
992 2910476 400
993 2910503 400
994 2910531 400
995 2910557 400
996 2910590 400
997 2910616 400
998 2910641 400
999 2910668 400
65535 3229132 4
65535 3229230 4
65535 3229265 4
65535 3229295 4
65535 3229325 4
