0 0 400
1 46 400
2 72 400
3 94 400
4 115 400
5 137 400
6 158 400
7 178 400
8 203 400
9 224 400
10 245 400
11 266 400
12 287 400
13 307 400
14 328 400
15 348 400
16 369 400
17 390 400
18 410 400
19 431 400
20 452 400
21 473 400
22 493 400
23 516 400
24 537 400
25 558 400
26 579 400
27 599 400
28 621 400
29 642 400
30 663 400
31 684 400
32 705 400
33 726 400
34 747 400
35 767 400
36 788 400
37 809 400
38 831 400
39 852 400
40 872 400
41 892 400
42 913 400
43 933 400
44 953 400
45 974 400
46 995 400
47 1016 400
48 1036 400
49 1057 400
50 1078 400
51 1098 400
52 1119 400
53 1140 400
54 1161 400
55 1181 400
56 1202 400
57 1222 400
58 1242 400
59 1262 400
60 1283 400
61 1304 400
62 1324 400
63 1345 400
64 1366 400
65 1387 400
66 1407 400
67 1427 400
68 1449 400
69 1469 400
70 1490 400
71 1510 400
72 1531 400
73 1568 400
74 1600 400
75 1628 400
76 1659 400
77 1688 400
78 1717 400
79 1747 400
80 1776 400
81 1807 400
82 1836 400
83 1865 400
84 1895 400
85 1924 400
86 1954 400
87 1984 400
88 2014 400
89 2043 400
90 2071 400
91 2101 400
92 2130 400
93 2160 400
94 2189 400
95 2217 400
96 2251 400
97 2289 400
98 2322 400
99 2351 400
100 6402398 400
101 6402481 400
102 6402508 400
103 6402525 400
104 6402543 400
105 6402559 400
106 6402574 400
107 6402589 400
108 6402603 400
109 6402617 400
110 6402631 400
111 6402645 400
112 6402659 400
113 6402673 400
114 6402687 400
115 6402700 400
116 6402714 400
117 6402727 400
118 6402741 400
119 6402755 400
120 6402769 400
121 6402782 400
122 6402796 400
123 6402809 400
124 6402822 400
125 6402836 400
126 6402849 400
127 6402863 400
128 6402876 400
129 6402890 400
130 6402903 400
131 6402917 400
132 6402930 400
133 6402944 400
134 6402958 400
135 6402972 400
136 6402985 400
137 6402999 400
138 6403012 400
139 6403026 400
140 6403040 400
141 6403053 400
142 6403067 400
143 6403080 400
144 6403094 400
145 6403107 400
146 6403121 400
147 6403134 400
148 6403150 400
149 6403164 400
150 6403178 400
151 6403191 400
152 6403205 400
153 6403219 400
154 6403232 400
155 6403245 400
156 6403258 400
157 6403272 400
158 6403287 400
159 6403301 400
160 6403314 400
161 6403327 400
162 6403340 400
163 6403355 400
164 6403368 400
165 6403382 400
166 6403395 400
167 6403408 400
168 6403422 400
169 6403435 400
170 6403449 400
171 6403462 400
172 6403475 400
173 6403488 400
174 6403501 400
175 6403515 400
176 6403528 400
177 6403542 400
178 6403556 400
179 6403570 400
180 6403583 400
181 6403596 400
182 6403610 400
183 6403623 400
184 6403636 400
185 6403650 400
186 6403663 400
187 6403676 400
188 6403690 400
189 6403703 400
190 6403716 400
191 6403730 400
192 6403744 400
193 6403757 400
194 6403771 400
195 6403784 400
196 6403797 400
197 6403811 400
198 6403824 400
199 6403837 400
200 12803869 400
201 12803960 400
202 12803984 400
203 12804004 400
204 12804023 400
205 12804042 400
206 12804060 400
207 12804078 400
208 12804095 400
209 12804112 400
210 12804128 400
211 12804145 400
212 12804161 400
213 12804178 400
214 12804209 400
215 12804228 400
216 12804246 400
217 12804262 400
218 12804279 400
219 12804296 400
220 12804312 400
221 12804329 400
222 12804346 400
223 12804362 400
224 12804378 400
225 12804395 400
226 12804411 400
227 12804427 400
228 12804443 400
229 12804461 400
230 12804480 400
231 12804497 400
232 12804513 400
233 12804529 400
234 12804545 400
235 12804562 400
236 12804578 400
237 12804595 400
238 12804612 400
239 12804627 400
240 12804644 400
241 12804660 400
242 12804676 400
243 12804692 400
244 12804710 400
245 12804726 400
246 12804742 400
247 12804759 400
248 12804775 400
249 12804791 400
250 12804807 400
251 12804823 400
252 12804840 400
253 12804856 400
254 12804872 400
255 12804888 400
256 12804904 400
257 12804920 400
258 12804936 400
259 12804954 400
260 12804970 400
261 12804986 400
262 12805002 400
263 12805019 400
264 12805035 400
265 12805051 400
266 12805067 400
267 12805083 400
268 12805099 400
269 12805116 400
270 12805132 400
271 12805148 400
272 12805164 400
273 12805181 400
274 12805198 400
275 12805214 400
276 12805230 400
277 12805246 400
278 12805262 400
279 12805279 400
280 12805298 400
281 12805315 400
282 12805331 400
283 12805347 400
284 12805363 400
285 12805379 400
286 12805395 400
287 12805411 400
288 12805434 400
289 12805453 400
290 12805470 400
291 12805486 400
292 12805508 400
293 12805530 400
294 12805576 400
295 12805600 400
296 12805619 400
297 12805638 400
298 12805657 400
299 12805675 400
300 19205711 400
301 19205847 400
302 19205870 400
303 19205890 400
304 19205907 400
305 19205924 400
306 19205941 400
307 19205957 400
308 19205972 400
309 19205987 400
310 19206002 400
311 19206018 400
312 19206033 400
313 19206048 400
314 19206063 400
315 19206077 400
316 19206091 400
317 19206107 400
318 19206121 400
319 19206136 400
320 19206150 400
321 19206165 400
322 19206180 400
323 19206194 400
324 19206209 400
325 19206223 400
326 19206240 400
327 19206257 400
328 19206272 400
329 19206287 400
330 19206302 400
331 19206317 400
332 19206332 400
333 19206346 400
334 19206361 400
335 19206375 400
336 19206391 400
337 19206405 400
338 19206420 400
339 19206435 400
340 19206450 400
341 19206466 400
342 19206481 400
343 19206496 400
344 19206510 400
345 19206524 400
346 19206539 400
347 19206553 400
348 19206568 400
349 19206583 400
350 19206597 400
351 19206612 400
352 19206626 400
353 19206641 400
354 19206656 400
355 19206672 400
356 19206687 400
357 19206701 400
358 19206716 400
359 19206731 400
360 19206746 400
361 19206760 400
362 19206775 400
363 19206789 400
364 19206804 400
365 19206818 400
366 19206833 400
367 19206848 400
368 19206862 400
369 19206877 400
370 19206893 400
371 19206907 400
372 19206922 400
373 19206937 400
374 19206952 400
375 19206966 400
376 19206980 400
377 19206995 400
378 19207010 400
379 19207025 400
380 19207039 400
381 19207053 400
382 19207068 400
383 19207082 400
384 19207098 400
385 19207114 400
386 19207130 400
387 19207144 400
388 19207158 400
389 19207173 400
390 19207187 400
391 19207202 400
392 19207217 400
393 19207231 400
394 19207245 400
395 19207260 400
396 19207275 400
397 19207289 400
398 19207304 400
399 19207320 400
400 25607354 400
401 25607446 400
402 25607468 400
403 25607488 400
404 25607506 400
405 25607523 400
406 25607540 400
407 25607556 400
408 25607572 400
409 25607587 400
410 25607602 400
411 25607618 400
412 25607632 400
413 25607647 400
414 25607662 400
415 25607678 400
416 25607692 400
417 25607707 400
418 25607722 400
419 25607736 400
420 25607751 400
421 25607766 400
422 25607782 400
423 25607797 400
424 25607812 400
425 25607827 400
426 25607841 400
427 25607857 400
428 25607871 400
429 25607885 400
430 25607900 400
431 25607915 400
432 25607930 400
433 25607944 400
434 25607960 400
435 25607974 400
436 25607990 400
437 25608005 400
438 25608020 400
439 25608035 400
440 25608049 400
441 25608064 400
442 25608079 400
443 25608093 400
444 25608108 400
445 25608123 400
446 25608137 400
447 25608152 400
448 25608167 400
449 25608182 400
450 25608197 400
451 25608213 400
452 25608228 400
453 25608242 400
454 25608257 400
455 25608272 400
456 25608287 400
457 25608302 400
458 25608316 400
459 25608331 400
460 25608346 400
461 25608361 400
462 25608375 400
463 25608390 400
464 25608405 400
465 25608419 400
466 25608436 400
467 25608450 400
468 25608466 400
469 25608480 400
470 25608494 400
471 25608509 400
472 25608523 400
473 25608538 400
474 25608553 400
475 25608568 400
476 25608582 400
477 25608597 400
478 25608612 400
479 25608627 400
480 25608643 400
481 25608657 400
482 25608672 400
483 25608687 400
484 25608702 400
485 25608717 400
486 25608731 400
487 25608746 400
488 25608761 400
489 25608775 400
490 25608790 400
491 25608804 400
492 25608819 400
493 25608833 400
494 25608848 400
495 25608864 400
496 25608879 400
497 25608894 400
498 25608908 400
499 25608923 400
