0 65180320 400
1 65180375 400
2 65180395 400
3 65180413 400
4 65180431 400
5 65180448 400
6 65180465 400
7 65181371 400
8 65182428 400
9 65183486 400
10 65184544 400
11 65185607 400
12 65186665 400
13 65187722 400
14 65188781 400
15 65189838 400
16 65190900 400
17 65191957 400
18 65193016 400
19 65194073 400
20 65195131 400
21 65196189 400
22 65197247 400
23 65198304 400
24 65199362 400
25 65200420 400
26 65201478 400
27 65202536 400
28 65203593 400
29 65204651 400
30 65205708 400
31 65206766 400
32 65207827 400
33 65208885 400
34 65209943 400
35 65211000 400
36 65212058 400
37 65213117 400
38 65214174 400
39 65215232 400
40 65216290 400
41 65217347 400
42 65218405 400
43 65219463 400
44 65220522 400
45 65221578 400
46 65222647 400
47 65223707 400
48 65224766 400
49 65225824 400
50 65226881 400
51 65227939 400
52 65228997 400
53 65230054 400
54 65231112 400
55 65232170 400
56 65233227 400
57 65234285 400
58 65235343 400
59 65236401 400
60 65237459 400
61 65238518 400
62 65239576 400
63 65240645 400
64 65241704 400
65 65242762 400
66 65243819 400
67 65244878 400
68 65245935 400
69 65246993 400
70 65248050 400
71 65249109 400
72 65250166 400
73 65251223 400
74 65252281 400
75 65253338 400
76 65254396 400
77 65255453 400
78 65256511 400
79 65257570 400
80 65258627 400
81 65259684 400
82 65260743 400
83 65261800 400
84 65262858 400
85 65263927 400
86 65264985 400
87 65266042 400
88 65267100 400
89 65268158 400
90 65269215 400
91 65270272 400
92 65271330 400
93 65272388 400
94 65273445 400
95 65274504 400
96 65275561 400
97 65276619 400
98 65277676 400
99 65278734 400
100 71576385 400
101 71577439 400
102 71578497 400
103 71579559 400
104 71580618 400
105 71581675 400
106 71582733 400
107 71583790 400
108 71584849 400
109 71585909 400
110 71586973 400
111 71588033 400
112 71589093 400
113 71590150 400
114 71591214 400
115 71592273 400
116 71593331 400
117 71594389 400
118 71595446 400
119 71596508 400
120 71597566 400
121 71598623 400
122 71599681 400
123 71600740 400
124 71601797 400
125 71602855 400
126 71603913 400
127 71604971 400
128 71606029 400
129 71607087 400
130 71608146 400
131 71609203 400
132 71610261 400
133 71611318 400
134 71612376 400
135 71613437 400
136 71614495 400
137 71615553 400
138 71616612 400
139 71617669 400
140 71618726 400
141 71619784 400
142 71620842 400
143 71621899 400
144 71622957 400
145 71624015 400
146 71625073 400
147 71626130 400
148 71627190 400
149 71628249 400
150 71629310 400
151 71630368 400
152 71631426 400
153 71632484 400
154 71633542 400
155 71634599 400
156 71635657 400
157 71636715 400
158 71637772 400
159 71638830 400
160 71639887 400
161 71640949 400
162 71642007 400
163 71643065 400
164 71644123 400
165 71645180 400
166 71646240 400
167 71647299 400
168 71648358 400
169 71649416 400
170 71650473 400
171 71651530 400
172 71652589 400
173 71653647 400
174 71654704 400
175 71655762 400
176 71656820 400
177 71657877 400
178 71658935 400
179 71659998 400
180 71661057 400
181 71662114 400
182 71663176 400
183 71664234 400
184 71665292 400
185 71666350 400
186 71667407 400
187 71668466 400
188 71669523 400
189 71670580 400
190 71671638 400
191 71672696 400
192 71673753 400
193 71674811 400
194 71675868 400
195 71676927 400
196 71677985 400
197 71679042 400
198 71680104 400
199 71681161 400
200 77977853 400
201 77978907 400
202 77979974 400
203 77981034 400
204 77982091 400
205 77983149 400
206 77984213 400
207 77985276 400
208 77986335 400
209 77987392 400
210 77988453 400
211 77989510 400
212 77990567 400
213 77991624 400
214 77992686 400
215 77993743 400
216 77994801 400
217 77995859 400
218 77996919 400
219 77997976 400
220 77999035 400
221 78000093 400
222 78001343 400
223 78002368 400
224 78003430 400
225 78004491 400
226 78005557 400
227 78006616 400
228 78007677 400
229 78008743 400
230 78009803 400
231 78010863 400
232 78011924 400
233 78012986 400
234 78014047 400
235 78015107 400
236 78016308 400
237 78017364 400
238 78018493 400
239 78019465 400
240 78020526 400
241 78021591 400
242 78022654 400
243 78023714 400
244 78024782 400
245 78025842 400
246 78026902 400
247 78027962 400
248 78029025 400
249 78030086 400
250 78031544 400
251 78032377 400
252 78033439 400
253 78034473 400
254 78035531 400
255 78036596 400
256 78037656 400
257 78038716 400
258 78039777 400
259 78040844 400
260 78041904 400
261 78042969 400
262 78044039 400
263 78045104 400
264 78046164 400
265 78047662 400
266 78048810 400
267 78048888 400
268 78049861 400
269 78050927 400
270 78051992 400
271 78053054 400
272 78054115 400
273 78055176 400
274 78056240 400
275 78057308 400
276 78058371 400
277 78059436 400
278 78060500 400
279 78061561 400
280 78062938 400
281 78064036 400
282 78065098 400
283 78066158 400
284 78067220 400
285 78068595 400
286 78069338 400
287 78070400 400
288 78071461 400
289 78072595 400
290 78073657 400
291 78074718 400
292 78075779 400
293 78076841 400
294 78077901 400
295 78078962 400
296 78080023 400
297 78081090 400
298 78082150 400
299 78083213 400
300 84379729 400
301 84380784 400
302 84381845 400
303 84382905 400
304 84383966 400
305 84385028 400
306 84386089 400
307 84387150 400
308 84388212 400
309 84389272 400
310 84390339 400
311 84391399 400
312 84392461 400
313 84393523 400
314 84394584 400
315 84395645 400
316 84396706 400
317 84397767 400
318 84398828 400
319 84399888 400
320 84400952 400
321 84402013 400
322 84403074 400
323 84404136 400
324 84405208 400
325 84406260 400
326 84407327 400
327 84408388 400
328 84409448 400
329 84410509 400
330 84411570 400
331 84412631 400
332 84413692 400
333 84414753 400
334 84415813 400
335 84416874 400
336 84417935 400
337 84418995 400
338 84420056 400
339 84421124 400
340 84422186 400
341 84423253 400
342 84424319 400
343 84425380 400
344 84426441 400
345 84427502 400
346 84428563 400
347 84429623 400
348 84430683 400
349 84431743 400
350 84432805 400
351 84433865 400
352 84434925 400
353 84435985 400
354 84437053 400
355 84438113 400
356 84439173 400
357 84440236 400
358 84441303 400
359 84442366 400
360 84443426 400
361 84444487 400
362 84445547 400
363 84446607 400
364 84447668 400
365 84448729 400
366 84449789 400
367 84450850 400
368 84451915 400
369 84452976 400
370 84454036 400
371 84455096 400
372 84456158 400
373 84457225 400
374 84458285 400
375 84459347 400
376 84460410 400
377 84461471 400
378 84462535 400
379 84463595 400
380 84464657 400
381 84465717 400
382 84466777 400
383 84467838 400
384 84468899 400
385 84469959 400
386 84471019 400
387 84472091 400
388 84473148 400
389 84474214 400
390 84475275 400
391 84476337 400
392 84477397 400
393 84478458 400
394 84479518 400
395 84480580 400
396 84481640 400
397 84482700 400
398 84483760 400
399 84484825 400
400 90781361 400
401 90782418 400
402 90783478 400
403 90784541 400
404 90785601 400
405 90786662 400
406 90787746 400
407 90792132 400
408 90793194 400
409 90794256 400
410 90795324 400
411 90796387 400
412 90797451 400
413 90798512 400
414 90799572 400
415 90800641 400
416 90801701 400
417 90802763 400
418 90803823 400
419 90804885 400
420 90805946 400
421 90807006 400
422 90808067 400
423 90809133 400
424 90810193 400
425 90811370 400
426 90812432 400
427 90813491 400
428 90814564 400
429 90815623 400
430 90816693 400
431 90818039 400
432 90819040 400
433 90820100 400
434 90821161 400
435 90822222 400
436 90823282 400
437 90824337 400
438 90825400 400
439 90826460 400
440 90827617 400
441 90828679 400
442 90829741 400
443 90830803 400
444 90831863 400
445 90832926 400
446 90833986 400
447 90835046 400
448 90836107 400
449 90837167 400
450 90838227 400
451 90839287 400
452 90840349 400
453 90841408 400
454 90842474 400
455 90843532 400
456 90844599 400
457 90845660 400
458 90846720 400
459 90847780 400
460 90848857 400
461 90849914 400
462 90850975 400
463 90852035 400
464 90853096 400
465 90854156 400
466 90855218 400
467 90856280 400
468 90857340 400
469 90858400 400
470 90859461 400
471 90860526 400
472 90861586 400
473 90862649 400
474 90863708 400
475 90864771 400
476 90865833 400
477 90866893 400
478 90867954 400
479 90869018 400
480 90870080 400
481 90871140 400
482 90872203 400
483 90873265 400
484 90874326 400
485 90875397 400
486 90876464 400
487 90877523 400
488 90878586 400
489 90879646 400
490 90880708 400
491 90881770 400
492 90882829 400
493 90883891 400
494 90884952 400
495 90886014 400
496 90887073 400
497 90888136 400
498 90889203 400
499 90890266 400
