0 3325735 400
1 3325813 400
2 3325840 400
3 3325865 400
4 3325887 400
5 3325909 400
6 3326445 400
7 3327507 400
8 3328592 400
9 3329675 400
10 3330756 400
11 3331834 400
12 3332899 400
13 3333981 400
14 3335064 400
15 3336142 400
16 3337224 400
17 3338299 400
18 3339379 400
19 3340458 400
20 3341536 400
21 3342618 400
22 3343700 400
23 3344783 400
24 3345868 400
25 3346951 400
26 3348026 400
27 3349108 400
28 3350189 400
29 3351271 400
30 3352349 400
31 3353428 400
32 3354483 400
33 3355550 400
34 3356629 400
35 3357711 400
36 3358792 400
37 3359874 400
38 3360953 400
39 3362031 400
40 3363109 400
41 3364192 400
42 3365274 400
43 3366356 400
44 3367440 400
45 3368523 400
46 3369605 400
47 3370687 400
48 3371769 400
49 3372882 400
50 3373961 400
51 3375043 400
52 3376125 400
53 3377207 400
54 3378289 400
55 3379371 400
56 3380456 400
57 3381538 400
58 3382621 400
59 3383702 400
60 3384786 400
61 3385868 400
62 3386942 400
63 3388020 400
64 3389088 400
65 3390166 400
66 3391249 400
67 3392323 400
68 3393395 400
69 3394477 400
70 3395560 400
71 3396643 400
72 3397726 400
73 3398808 400
74 3399890 400
75 3400973 400
76 3402055 400
77 3403141 400
78 3404224 400
79 3405255 400
80 3406324 400
81 3407406 400
82 3408489 400
83 3409572 400
84 3410655 400
85 3411730 400
86 3412813 400
87 3413895 400
88 3414977 400
89 3416059 400
90 3417142 400
91 3418206 400
92 3419288 400
93 3420363 400
94 3421428 400
95 3422496 400
96 3423559 400
97 3424633 400
98 3425715 400
99 3426797 400
100 6517531 400
101 6518589 400
102 6519671 400
103 6520746 400
104 6521821 400
105 6522903 400
106 6523987 400
107 6525055 400
108 6526138 400
109 6527206 400
110 6528270 400
111 6529340 400
112 6530422 400
113 6531502 400
114 6532582 400
115 6533664 400
116 6534747 400
117 6535829 400
118 6536912 400
119 6537994 400
120 6539077 400
121 6540142 400
122 6541219 400
123 6542298 400
124 6543363 400
125 6544431 400
126 6545495 400
127 6546563 400
128 6547626 400
129 6548691 400
130 6549785 400
131 6550861 400
132 6551936 400
133 6553021 400
134 6554106 400
135 6555187 400
136 6556271 400
137 6557343 400
138 6558415 400
139 6559480 400
140 6560564 400
141 6561639 400
142 6562709 400
143 6563774 400
144 6564834 400
145 6565900 400
146 6566988 400
147 6568075 400
148 6569150 400
149 6570233 400
150 6571316 400
151 6572377 400
152 6573439 400
153 6574506 400
154 6575574 400
155 6576656 400
156 6577735 400
157 6578800 400
158 6579885 400
159 6580968 400
160 6582052 400
161 6583121 400
162 6584190 400
163 6585255 400
164 6586337 400
165 6587415 400
166 6588494 400
167 6589577 400
168 6590640 400
169 6591708 400
170 6592786 400
171 6593861 400
172 6594929 400
173 6596013 400
174 6597096 400
175 6598178 400
176 6599248 400
177 6600315 400
178 6601393 400
179 6602476 400
180 6603559 400
181 6604635 400
182 6605719 400
183 6606801 400
184 6607872 400
185 6608936 400
186 6610014 400
187 6611084 400
188 6612168 400
189 6613250 400
190 6614324 400
191 6615397 400
192 6616463 400
193 6617541 400
194 6618625 400
195 6619688 400
196 6620770 400
197 6621843 400
198 6622928 400
199 6624002 400
200 12920774 400
201 12921832 400
202 12923370 400
203 12924406 400
204 12925477 400
205 12926548 400
206 12927623 400
207 12928683 400
208 12929751 400
209 12930821 400
210 12931885 400
211 12932949 400
212 12934012 400
213 12935078 400
214 12936108 400
215 12937172 400
216 12938242 400
217 12939309 400
218 12940555 400
219 12941629 400
220 12942702 400
221 12943778 400
222 12944840 400
223 12945924 400
224 12946998 400
225 12948068 400
226 12949133 400
227 12950202 400
228 12951269 400
229 12952336 400
230 12953405 400
231 12954475 400
232 12955603 400
233 12956667 400
234 12957734 400
235 12958794 400
236 12959859 400
237 12960938 400
238 12962012 400
239 12963115 400
240 12964192 400
241 12965263 400
242 12966329 400
243 12967393 400
244 12968460 400
245 12969525 400
246 12970595 400
247 12971663 400
248 12972732 400
249 12973802 400
250 12974870 400
251 12975936 400
252 12976997 400
253 12978075 400
254 12979163 400
255 12980234 400
256 12981302 400
257 12982365 400
258 12983433 400
259 12984498 400
260 12985566 400
261 12986635 400
262 12987707 400
263 12988812 400
264 12989878 400
265 12990942 400
266 12992020 400
267 12993102 400
268 12994170 400
269 12995252 400
270 12996339 400
271 12997410 400
272 12998477 400
273 12999541 400
274 13000607 400
275 13001671 400
276 13002738 400
277 13003807 400
278 13005619 400
279 13005945 400
280 13007016 400
281 13008089 400
282 13009142 400
283 13010222 400
284 13011304 400
285 13012384 400
286 13019182 400
287 13020245 400
288 13021311 400
289 13022379 400
290 13023452 400
291 13024522 400
292 13026070 400
293 13027326 400
294 13028395 400
295 13029456 400
296 13030530 400
297 13031596 400
298 13032661 400
299 13033727 400
300 19324140 400
301 19325203 400
302 19326269 400
303 19327338 400
304 19328402 400
305 19329463 400
306 19330522 400
307 19331586 400
308 19332647 400
309 19333707 400
310 19334772 400
311 19335839 400
312 19336904 400
313 19337965 400
314 19339026 400
315 19340093 400
316 19341155 400
317 19342222 400
318 19343291 400
319 19344355 400
320 19345419 400
321 19346478 400
322 19347545 400
323 19348605 400
324 19349660 400
325 19350717 400
326 19351785 400
327 19352850 400
328 19353916 400
329 19354975 400
330 19356038 400
331 19357113 400
332 19358175 400
333 19359566 400
334 19360631 400
335 19361693 400
336 19362758 400
337 19363839 400
338 19364901 400
339 19366174 400
340 19367322 400
341 19368433 400
342 19369608 400
343 19370677 400
344 19371956 400
345 19373002 400
346 19374064 400
347 19375130 400
348 19376196 400
349 19377260 400
350 19378320 400
351 19379381 400
352 19380442 400
353 19381502 400
354 19382563 400
355 19383625 400
356 19384688 400
357 19385747 400
358 19386812 400
359 19387874 400
360 19388935 400
361 19389995 400
362 19391055 400
363 19392128 400
364 19393182 400
365 19394242 400
366 19395303 400
367 19396365 400
368 19397425 400
369 19398485 400
370 19399548 400
371 19400611 400
372 19401677 400
373 19402806 400
374 19403873 400
375 19404939 400
376 19406000 400
377 19407062 400
378 19408127 400
379 19409190 400
380 19410254 400
381 19411315 400
382 19412377 400
383 19413437 400
384 19414498 400
385 19415561 400
386 19416622 400
387 19417690 400
388 19418751 400
389 19419818 400
390 19420893 400
391 19421958 400
392 19423023 400
393 19424097 400
394 19425164 400
395 19426225 400
396 19427289 400
397 19428351 400
398 19429413 400
399 19430478 400
400 25726662 400
401 25727718 400
402 25728779 400
403 25729839 400
404 25730900 400
405 25731959 400
406 25733021 400
407 25734081 400
408 25735141 400
409 25736201 400
410 25737261 400
411 25738322 400
412 25739381 400
413 25740448 400
414 25741508 400
415 25742569 400
416 25743629 400
417 25744690 400
418 25745750 400
419 25746811 400
420 25747871 400
421 25748932 400
422 25749992 400
423 25751051 400
424 25752112 400
425 25753172 400
426 25754232 400
427 25755292 400
428 25756353 400
429 25757418 400
430 25758478 400
431 25759539 400
432 25760600 400
433 25761661 400
434 25762720 400
435 25763780 400
436 25764842 400
437 25765902 400
438 25766961 400
439 25768024 400
440 25769085 400
441 25770145 400
442 25771206 400
443 25772267 400
444 25773328 400
445 25774390 400
446 25775455 400
447 25776517 400
448 25777577 400
449 25778637 400
450 25779697 400
451 25780758 400
452 25781818 400
453 25782879 400
454 25783938 400
455 25784999 400
456 25786059 400
457 25787119 400
458 25788179 400
459 25789239 400
460 25790299 400
461 25791363 400
462 25792425 400
463 25793485 400
464 25794545 400
465 25795605 400
466 25796666 400
467 25797726 400
468 25798786 400
469 25799846 400
470 25800906 400
471 25801966 400
472 25803026 400
473 25804092 400
474 25805152 400
475 25806212 400
476 25807277 400
477 25808338 400
478 25809399 400
479 25810459 400
480 25811519 400
481 25812580 400
482 25813640 400
483 25814700 400
484 25815760 400
485 25816821 400
486 25817881 400
487 25818940 400
488 25820000 400
489 25821061 400
490 25822121 400
491 25823181 400
492 25824246 400
493 25825307 400
494 25826367 400
495 25827428 400
496 25828488 400
497 25829549 400
498 25830609 400
499 25831671 400
500 32128453 400
501 32129514 400
502 32130573 400
503 32131633 400
504 32132695 400
505 32133756 400
506 32134816 400
507 32135877 400
508 32136939 400
509 32137999 400
510 32139059 400
511 32140120 400
512 32141183 400
513 32142311 400
514 32143371 400
515 32144432 400
516 32145492 400
517 32146554 400
518 32147614 400
519 32148675 400
520 32149735 400
521 32150795 400
522 32151855 400
523 32152916 400
524 32153975 400
525 32155035 400
526 32156096 400
527 32160110 400
528 32161171 400
529 32162230 400
530 32163294 400
531 32164355 400
532 32165435 400
533 32166496 400
534 32167556 400
535 32168617 400
536 32169677 400
537 32170737 400
538 32171797 400
539 32172858 400
540 32173918 400
541 32174978 400
542 32176041 400
543 32177102 400
544 32178162 400
545 32179222 400
546 32180286 400
547 32181346 400
548 32182406 400
549 32183466 400
550 32184527 400
551 32185587 400
552 32186648 400
553 32187707 400
554 32188770 400
555 32189833 400
556 32190922 400
557 32191982 400
558 32193045 400
559 32194105 400
560 32195166 400
561 32196230 400
562 32197290 400
563 32198350 400
564 32199410 400
565 32200472 400
566 32201532 400
567 32202592 400
568 32203652 400
569 32204713 400
570 32205773 400
571 32206833 400
572 32207893 400
573 32208954 400
574 32210014 400
575 32211074 400
576 32212135 400
577 32213198 400
578 32214258 400
579 32215318 400
580 32216379 400
581 32217439 400
582 32218499 400
583 32219559 400
584 32220620 400
585 32221680 400
586 32222740 400
587 32223806 400
588 32224866 400
589 32225926 400
590 32226990 400
591 32228049 400
592 32229110 400
593 32230172 400
594 32231232 400
595 32232292 400
596 32233352 400
597 32234411 400
598 32235471 400
599 32236534 400
600 38530239 400
601 38531298 400
602 38532365 400
603 38533435 400
604 38534499 400
605 38535575 400
606 38536645 400
607 38537706 400
608 38538769 400
609 38539831 400
610 38540895 400
611 38541955 400
612 38543016 400
613 38544081 400
614 38545139 400
615 38546199 400
616 38547259 400
617 38548320 400
618 38549381 400
619 38550440 400
620 38551501 400
621 38552565 400
622 38553627 400
623 38554691 400
624 38555751 400
625 38556812 400
626 38557873 400
627 38558933 400
628 38559995 400
629 38561056 400
630 38562116 400
631 38563176 400
632 38564237 400
633 38565297 400
634 38566358 400
635 38567419 400
636 38568483 400
637 38569549 400
638 38570615 400
639 38571677 400
640 38572741 400
641 38573808 400
642 38574867 400
643 38576920 400
644 38577985 400
645 38579044 400
646 38580106 400
647 38581166 400
648 38582226 400
649 38583289 400
650 38584355 400
651 38585422 400
652 38586487 400
653 38587547 400
654 38588608 400
655 38589669 400
656 38590733 400
657 38591798 400
658 38592864 400
659 38593930 400
660 38594991 400
661 38596051 400
662 38597113 400
663 38598173 400
664 38599234 400
665 38600299 400
666 38601365 400
667 38602431 400
668 38603497 400
669 38604559 400
670 38605620 400
671 38606680 400
672 38607746 400
673 38608812 400
674 38609878 400
675 38610941 400
676 38612003 400
677 38613068 400
678 38614132 400
679 38615197 400
680 38616263 400
681 38617328 400
682 38618394 400
683 38619460 400
684 38620521 400
685 38621582 400
686 38622643 400
687 38623705 400
688 38624772 400
689 38625816 400
690 38626881 400
691 38627940 400
692 38629002 400
693 38630061 400
694 38631121 400
695 38632187 400
696 38633252 400
697 38634312 400
698 38635379 400
699 38636448 400
700 44932186 400
701 44933245 400
702 44934304 400
703 44935365 400
704 44936427 400
705 44937487 400
706 44938547 400
707 44939608 400
708 44940674 400
709 44941734 400
710 44943453 400
711 44944518 400
712 44945579 400
713 44946638 400
714 44947698 400
715 44948759 400
716 44949818 400
717 44950881 400
718 44951940 400
719 44953000 400
720 44954062 400
721 44955123 400
722 44956187 400
723 44957248 400
724 44958307 400
725 44959368 400
726 44960428 400
727 44961487 400
728 44962547 400
729 44963606 400
730 44964669 400
731 44965729 400
732 44966789 400
733 44967849 400
734 44968911 400
735 44969971 400
736 44971031 400
737 44972092 400
738 44973157 400
739 44974219 400
740 44975280 400
741 44976341 400
742 44977402 400
743 44978462 400
744 44979521 400
745 44980583 400
746 44981643 400
747 44982702 400
748 44983792 400
749 44984853 400
750 44985915 400
751 44986975 400
752 44988037 400
753 44989103 400
754 44990162 400
755 44991224 400
756 44992285 400
757 44993350 400
758 44994411 400
759 44995470 400
760 44996533 400
761 44997594 400
762 44998653 400
763 44999713 400
764 45000775 400
765 45001834 400
766 45002894 400
767 45003954 400
768 45005020 400
769 45006079 400
770 45007142 400
771 45008203 400
772 45009263 400
773 45010323 400
774 45011383 400
775 45012444 400
776 45013504 400
777 45014564 400
778 45015624 400
779 45016685 400
780 45017748 400
781 45018808 400
782 45019868 400
783 45020936 400
784 45022002 400
785 45027919 400
786 45028951 400
787 45030012 400
788 45031077 400
789 45032144 400
790 45033204 400
791 45034264 400
792 45035324 400
793 45036385 400
794 45037445 400
795 45038508 400
796 45039569 400
797 45040630 400
798 45041693 400
799 45042755 400
800 51334211 400
801 51335268 400
802 51336337 400
803 51337408 400
804 51338484 400
805 51339558 400
806 51340645 400
807 51341719 400
808 51342803 400
809 51343869 400
810 51344934 400
811 51345998 400
812 51347081 400
813 51348110 400
814 51349184 400
815 51350267 400
816 51351350 400
817 51352419 400
818 51353486 400
819 51354551 400
820 51355630 400
821 51356707 400
822 51357782 400
823 51358865 400
824 51359928 400
825 51360991 400
826 51362069 400
827 51363154 400
828 51364234 400
829 51365308 400
830 51366374 400
831 51367453 400
832 51368531 400
833 51369599 400
834 51370674 400
835 51371757 400
836 51372832 400
837 51373914 400
838 51374996 400
839 51376062 400
840 51377093 400
841 51378174 400
842 51379243 400
843 51380305 400
844 51381387 400
845 51382469 400
846 51383551 400
847 51384619 400
848 51385680 400
849 51386753 400
850 51387837 400
851 51388923 400
852 51389992 400
853 51391077 400
854 51392105 400
855 51393182 400
856 51394256 400
857 51395329 400
858 51396399 400
859 51397480 400
860 51398563 400
861 51399645 400
862 51400714 400
863 51401789 400
864 51402863 400
865 51403937 400
866 51405021 400
867 51406103 400
868 51407179 400
869 51408247 400
870 51409324 400
871 51410410 400
872 51411492 400
873 51412559 400
874 51413636 400
875 51414709 400
876 51415775 400
877 51416844 400
878 51417906 400
879 51418985 400
880 51420068 400
881 51421150 400
882 51422210 400
883 51423287 400
884 51424356 400
885 51425433 400
886 51426509 400
887 51427581 400
888 51428647 400
889 51429708 400
890 51430777 400
891 51431856 400
892 51432925 400
893 51434006 400
894 51435079 400
895 51436117 400
896 51437194 400
897 51438267 400
898 51439352 400
899 51440423 400
900 57736449 400
901 57737525 400
902 57738607 400
903 57739689 400
904 57740773 400
905 57741860 400
906 57742942 400
907 57744025 400
908 57745108 400
909 57746181 400
910 57747265 400
911 57748348 400
912 57749414 400
913 57750431 400
914 57751494 400
915 57752569 400
916 57753644 400
917 57754718 400
918 57755798 400
919 57756881 400
920 57757964 400
921 57759047 400
922 57760129 400
923 57761211 400
924 57762293 400
925 57763376 400
926 57764460 400
927 57765542 400
928 57766618 400
929 57767696 400
930 57768771 400
931 57769855 400
932 57770942 400
933 57772004 400
934 57773087 400
935 57774169 400
936 57775251 400
937 57776324 400
938 57777408 400
939 57778491 400
940 57779572 400
941 57780655 400
942 57781737 400
943 57782815 400
944 57783892 400
945 57784973 400
946 57786056 400
947 57787139 400
948 57788221 400
949 57789303 400
950 57790376 400
951 57791460 400
952 57792543 400
953 57793626 400
954 57794699 400
955 57795784 400
956 57796866 400
957 57797941 400
958 57799024 400
959 57800106 400
960 57801183 400
961 57802266 400
962 57803349 400
963 57804431 400
964 57805505 400
965 57806589 400
966 57807672 400
967 57808755 400
968 57809837 400
969 57810919 400
970 57811997 400
971 57813072 400
972 57814145 400
973 57815226 400
974 57816309 400
975 57817387 400
976 57818464 400
977 57819548 400
978 57820631 400
979 57821710 400
980 57822793 400
981 57823876 400
982 57824949 400
983 57826031 400
984 57827110 400
985 57828193 400
986 57829276 400
987 57830341 400
988 57831424 400
989 57832506 400
990 57833589 400
991 57834662 400
992 57835746 400
993 57836828 400
994 57837910 400
995 57838993 400
996 57840076 400
997 57841159 400
998 57842222 400
999 57843305 400
65535 64138244 4
