0 6 100
1 873 100
2 2473 100
3 4102 100
4 5702 100
5 7301 100
6 8903 100
7 10502 100
8 12102 100
9 13703 100
10 15302 100
11 16911 100
12 18503 100
13 20102 100
14 21703 100
15 23303 100
16 24905 100
17 26503 100
18 28103 100
19 29704 100
20 31306 100
21 32905 100
22 34505 100
23 36103 100
24 37703 100
25 39303 100
26 40904 100
27 42503 100
28 44104 100
29 45705 100
30 47304 100
31 48905 100
32 50516 100
33 52105 100
34 53713 100
35 55305 100
36 56905 100
37 58505 100
38 60105 100
39 61705 100
40 63305 100
41 64905 100
42 66505 100
43 68105 100
44 69705 100
45 71305 100
46 72905 100
47 74505 100
48 76105 100
49 77705 100
50 79305 100
51 80905 100
52 82505 100
53 84105 100
54 85706 100
55 87304 100
56 88906 100
57 90506 100
58 92106 100
59 93706 100
60 95306 100
61 96906 100
62 98515 100
63 100106 100
64 101712 100
65 103313 100
66 104912 100
67 106512 100
68 108112 100
69 109712 100
70 111312 100
71 112912 100
72 114512 100
73 116112 100
74 117712 100
75 119312 100
76 120912 100
77 122512 100
78 124112 100
79 125713 100
80 127313 100
81 128913 100
82 130513 100
83 132113 100
84 133713 100
85 135313 100
86 136913 100
87 138513 100
88 140113 100
89 141712 100
90 143313 100
91 144912 100
92 146512 100
93 148112 100
94 149715 100
95 151315 100
96 152915 100
97 154514 100
98 156115 100
99 157742 100
100 159314 100
101 160916 100
102 162510 100
103 164110 100
104 165710 100
105 167310 100
106 168910 100
107 170510 100
108 172110 100
109 173710 100
110 175310 100
111 176911 100
112 178510 100
113 180111 100
114 181711 100
115 183311 100
116 184911 100
117 186511 100
118 188111 100
119 189711 100
120 191311 100
121 192911 100
122 194511 100
123 196113 100
124 197711 100
125 199311 100
126 200911 100
127 202511 100
128 204111 100
129 205711 100
130 207312 100
131 208918 100
132 210518 100
133 212118 100
134 213718 100
135 215318 100
136 216918 100
137 218518 100
138 220118 100
139 221719 100
140 223318 100
141 224918 100
142 226519 100
143 228119 100
144 229719 100
145 231319 100
146 232919 100
147 234519 100
148 236119 100
149 237719 100
150 239319 100
151 240919 100
152 242521 100
153 244119 100
154 245719 100
155 247319 100
156 248919 100
157 250519 100
158 252119 100
159 253719 100
160 255320 100
161 256920 100
162 258520 100
163 260120 100
164 261720 100
165 263320 100
166 264920 100
167 266520 100
168 268120 100
169 269720 100
170 271320 100
171 272920 100
172 274520 100
173 276120 100
174 277720 100
175 279320 100
176 280920 100
177 282520 100
178 284120 100
179 285720 100
180 287320 100
181 288922 100
182 290521 100
183 292121 100
184 293721 100
185 295321 100
186 296921 100
187 298521 100
188 300121 100
189 301721 100
190 303321 100
191 304922 100
192 306522 100
193 308122 100
194 309722 100
195 311330 100
196 312931 100
197 314530 100
198 316130 100
199 317730 100
200 319330 100
201 320930 100
202 322530 100
203 324130 100
204 325730 100
205 327330 100
206 328930 100
207 330530 100
208 332130 100
209 333731 100
210 335334 100
211 336940 100
212 338540 100
213 340140 100
214 341740 100
215 343339 100
216 344940 100
217 346540 100
218 348140 100
219 349740 100
220 351340 100
221 352940 100
222 354540 100
223 356140 100
224 357740 100
225 359342 100
226 360942 100
227 362542 100
228 364142 100
229 365742 100
230 367343 100
231 368943 100
232 370543 100
233 372143 100
234 373743 100
235 375343 100
236 376943 100
237 378543 100
238 380143 100
239 381745 100
240 383343 100
241 384943 100
242 386543 100
243 388143 100
244 389743 100
245 391343 100
246 392943 100
247 394543 100
248 396153 100
249 397753 100
250 399353 100
251 400952 100
252 402552 100
253 404152 100
254 405753 100
255 407353 100
256 408953 100
257 410553 100
258 412153 100
259 413753 100
260 415353 100
261 416953 100
262 418553 100
263 420153 100
264 421753 100
265 423353 100
266 424953 100
267 426554 100
268 428159 100
269 429754 100
270 431354 100
271 432954 100
272 434554 100
273 436154 100
274 437754 100
275 439354 100
276 440954 100
277 442554 100
278 444154 100
279 445754 100
280 447354 100
281 448954 100
282 450554 100
283 452154 100
284 453754 100
285 455354 100
286 456954 100
287 458555 100
288 460155 100
289 461755 100
290 463354 100
291 464954 100
292 466554 100
293 468154 100
294 469755 100
295 471355 100
296 472955 100
297 474557 100
298 476155 100
299 477755 100
300 479355 100
301 480955 100
302 482555 100
303 484155 100
304 485755 100
305 487356 100
306 488956 100
307 490556 100
308 492156 100
309 493755 100
310 495356 100
311 496956 100
312 498556 100
313 500156 100
314 501756 100
315 503356 100
316 504956 100
317 506556 100
318 508156 100
319 509756 100
320 511356 100
321 512956 100
322 514556 100
323 516156 100
324 517764 100
325 519365 100
326 520967 100
327 522564 100
328 524164 100
329 525764 100
330 527364 100
331 528965 100
332 530565 100
333 532165 100
334 533765 100
335 535365 100
336 536965 100
337 538565 100
338 540165 100
339 541765 100
340 543365 100
341 544965 100
342 546565 100
343 548166 100
344 549766 100
345 551366 100
346 552965 100
347 554565 100
348 556165 100
349 557765 100
350 559365 100
351 560966 100
352 562566 100
353 564166 100
354 565766 100
355 567368 100
356 568966 100
357 570566 100
358 572166 100
359 573766 100
360 575366 100
361 576966 100
362 578573 100
363 580173 100
364 581774 100
365 583374 100
366 584974 100
367 586574 100
368 588174 100
369 589774 100
370 591374 100
371 592974 100
372 594574 100
373 596174 100
374 597774 100
375 599374 100
376 600974 100
377 602574 100
378 604174 100
379 605774 100
380 607374 100
381 608974 100
382 610575 100
383 612175 100
384 613777 100
385 615374 100
386 616975 100
387 618575 100
388 620175 100
389 621775 100
390 623375 100
391 624975 100
392 626575 100
393 628175 100
394 629775 100
395 631375 100
396 632975 100
397 634575 100
398 636175 100
399 637775 100
400 639376 100
401 640976 100
402 642576 100
403 644178 100
404 645776 100
405 647376 100
406 648976 100
407 650576 100
408 652176 100
409 653776 100
410 655376 100
411 656976 100
412 658576 100
413 660176 100
414 661776 100
415 663376 100
416 664976 100
417 666576 100
418 668176 100
419 669777 100
420 671377 100
421 672977 100
422 674577 100
423 676177 100
424 677777 100
425 679377 100
426 680977 100
427 682577 100
428 684177 100
429 685777 100
430 687377 100
431 688977 100
432 690580 100
433 692178 100
434 693778 100
435 695378 100
436 696978 100
437 698578 100
438 700178 100
439 701779 100
440 703378 100
441 704978 100
442 706578 100
443 708178 100
444 709778 100
445 711378 100
446 712978 100
447 714578 100
448 716178 100
449 717778 100
450 719378 100
451 720979 100
452 722579 100
453 724179 100
454 725779 100
455 727379 100
456 728979 100
457 730579 100
458 732179 100
459 733779 100
460 735379 100
461 736981 100
462 738579 100
463 740179 100
464 741779 100
465 743379 100
466 744979 100
467 746579 100
468 748179 100
469 749779 100
470 751380 100
471 752980 100
472 754580 100
473 756180 100
474 757780 100
475 759380 100
476 760980 100
477 762580 100
478 764181 100
479 765781 100
480 767381 100
481 768981 100
482 770580 100
483 772180 100
484 773780 100
485 775380 100
486 776981 100
487 778580 100
488 780180 100
489 781781 100
490 783383 100
491 784981 100
492 786581 100
493 788181 100
494 789781 100
495 791381 100
496 792981 100
497 794582 100
498 796181 100
499 797782 100
500 799381 100
501 800981 100
502 802581 100
503 804181 100
504 805781 100
505 807381 100
506 808981 100
507 810581 100
508 812181 100
509 813782 100
510 815382 100
511 816982 100
512 818582 100
513 820182 100
514 821782 100
515 823382 100
516 824982 100
517 826582 100
518 828182 100
519 829784 100
520 831382 100
521 832982 100
522 834582 100
523 836182 100
524 837782 100
525 839382 100
526 840982 100
527 842582 100
528 844183 100
529 845783 100
530 847383 100
531 848983 100
532 850583 100
533 852183 100
534 853783 100
535 855387 100
536 856987 100
537 858587 100
538 860187 100
539 861787 100
540 863387 100
541 864987 100
542 866588 100
543 868188 100
544 869788 100
545 871388 100
546 872988 100
547 874588 100
548 876190 100
549 877788 100
550 879388 100
551 880988 100
552 882588 100
553 884188 100
554 885788 100
555 887394 100
556 888994 100
557 890594 100
558 892194 100
559 893794 100
560 895394 100
561 896994 100
562 898594 100
563 900194 100
564 901794 100
565 903394 100
566 904995 100
567 906595 100
568 908194 100
569 909795 100
570 911395 100
571 912995 100
572 914595 100
573 916195 100
574 917795 100
575 919396 100
576 920995 100
577 922598 100
578 924195 100
579 925795 100
580 927396 100
581 928996 100
582 930595 100
583 932195 100
584 933796 100
585 935396 100
586 936996 100
587 938596 100
588 940196 100
589 941796 100
590 943396 100
591 944996 100
592 946596 100
593 948196 100
594 949796 100
595 951396 100
596 952996 100
597 954596 100
598 956196 100
599 957796 100
600 959397 100
601 960997 100
602 962597 100
603 964197 100
604 965797 100
605 967397 100
606 968999 100
607 970597 100
608 972197 100
609 973797 100
610 975397 100
611 976997 100
612 978597 100
613 980197 100
614 981797 100
615 983397 100
616 984997 100
617 986597 100
618 988197 100
619 989797 100
620 991397 100
621 992997 100
622 994597 100
623 996197 100
624 997798 100
625 999398 100
626 1000998 100
627 1002598 100
628 1004198 100
629 1005798 100
630 1007399 100
631 1008998 100
632 1010598 100
633 1012199 100
634 1013798 100
635 1015404 100
636 1016999 100
637 1018599 100
638 1020199 100
639 1021800 100
640 1023400 100
641 1025000 100
642 1026600 100
643 1028200 100
644 1029800 100
645 1031400 100
646 1033000 100
647 1034606 100
648 1036206 100
649 1037806 100
650 1039406 100
651 1041006 100
652 1042606 100
653 1044207 100
654 1045806 100
655 1047406 100
656 1049006 100
657 1050606 100
658 1052206 100
659 1053806 100
660 1055406 100
661 1057006 100
662 1058606 100
663 1060206 100
664 1061809 100
665 1063406 100
666 1065007 100
667 1066607 100
668 1068207 100
669 1069807 100
670 1071407 100
671 1073007 100
672 1074607 100
673 1076207 100
674 1077807 100
675 1079407 100
676 1081007 100
677 1082607 100
678 1084211 100
679 1085811 100
680 1087411 100
681 1089011 100
682 1090611 100
683 1092211 100
684 1093811 100
685 1095411 100
686 1097011 100
687 1098611 100
688 1100212 100
689 1101812 100
690 1103411 100
691 1105011 100
692 1106611 100
693 1108214 100
694 1109811 100
695 1111412 100
696 1113012 100
697 1114611 100
698 1116212 100
699 1117812 100
700 1119412 100
701 1121012 100
702 1122612 100
703 1124212 100
704 1125812 100
705 1127412 100
706 1129022 100
707 1130622 100
708 1132223 100
709 1133822 100
710 1135423 100
711 1137022 100
712 1138623 100
713 1140223 100
714 1141822 100
715 1143423 100
716 1145023 100
717 1146623 100
718 1148223 100
719 1149823 100
720 1151423 100
721 1153024 100
722 1154626 100
723 1156223 100
724 1157823 100
725 1159423 100
726 1161023 100
727 1162623 100
728 1164224 100
729 1165824 100
730 1167424 100
731 1169024 100
732 1170624 100
733 1172224 100
734 1173824 100
735 1175424 100
736 1177024 100
737 1178625 100
738 1180224 100
739 1181824 100
740 1183424 100
741 1185025 100
742 1186625 100
743 1188225 100
744 1189824 100
745 1191424 100
746 1193025 100
747 1194624 100
748 1196224 100
749 1197825 100
750 1199424 100
751 1201026 100
752 1202624 100
753 1204225 100
754 1205825 100
755 1207425 100
756 1209025 100
757 1210625 100
758 1212225 100
759 1213825 100
760 1215425 100
761 1217025 100
762 1218625 100
763 1220225 100
764 1221826 100
765 1223425 100
766 1225025 100
767 1226625 100
768 1228225 100
769 1229825 100
770 1231426 100
771 1233026 100
772 1234625 100
773 1236226 100
774 1237826 100
775 1239425 100
776 1241026 100
777 1242626 100
778 1244226 100
779 1245826 100
780 1247429 100
781 1249027 100
782 1250627 100
783 1252226 100
784 1253826 100
785 1255427 100
786 1257026 100
787 1258626 100
788 1260226 100
789 1261827 100
790 1263427 100
791 1265027 100
792 1266627 100
793 1268226 100
794 1269826 100
795 1271427 100
796 1273026 100
797 1274627 100
798 1276227 100
799 1277827 100
800 1279427 100
801 1281027 100
802 1282628 100
803 1284227 100
804 1285827 100
805 1287427 100
806 1289027 100
807 1290627 100
808 1292227 100
809 1293829 100
810 1295427 100
811 1297027 100
812 1298627 100
813 1300227 100
814 1301827 100
815 1303427 100
816 1305028 100
817 1306627 100
818 1308229 100
819 1309829 100
820 1311428 100
821 1313028 100
822 1314628 100
823 1316228 100
824 1317828 100
825 1319428 100
826 1321028 100
827 1322628 100
828 1324228 100
829 1325828 100
830 1327428 100
831 1329028 100
832 1330628 100
833 1332228 100
834 1333828 100
835 1335428 100
836 1337029 100
837 1338629 100
838 1340231 100
839 1341832 100
840 1343432 100
841 1345032 100
842 1346632 100
843 1348232 100
844 1349833 100
845 1351433 100
846 1353033 100
847 1354633 100
848 1356233 100
849 1357833 100
850 1359433 100
851 1361033 100
852 1362633 100
853 1364233 100
854 1365833 100
855 1367433 100
856 1369033 100
857 1370633 100
858 1372233 100
859 1373833 100
860 1375434 100
861 1377034 100
862 1378634 100
863 1380233 100
864 1381834 100
865 1383434 100
866 1385034 100
867 1386635 100
868 1388235 100
869 1389835 100
870 1391434 100
871 1393034 100
872 1394635 100
873 1396235 100
874 1397835 100
875 1399435 100
876 1401035 100
877 1402635 100
878 1404235 100
879 1405835 100
880 1407435 100
881 1409035 100
882 1410635 100
883 1412235 100
884 1413835 100
885 1415435 100
886 1417035 100
887 1418635 100
888 1420235 100
889 1421835 100
890 1423435 100
891 1425035 100
892 1426635 100
893 1428235 100
894 1429837 100
895 1431436 100
896 1433037 100
897 1434643 100
898 1436244 100
899 1437844 100
900 1439444 100
901 1441044 100
902 1442644 100
903 1444244 100
904 1445844 100
905 1447444 100
906 1449044 100
907 1450644 100
908 1452244 100
909 1453844 100
910 1455444 100
911 1457044 100
912 1458644 100
913 1460244 100
914 1461844 100
915 1463446 100
916 1465044 100
917 1466644 100
918 1468244 100
919 1469844 100
920 1471444 100
921 1473044 100
922 1474644 100
923 1476244 100
924 1477844 100
925 1479444 100
926 1481044 100
927 1482645 100
928 1484245 100
929 1485845 100
930 1487445 100
931 1489045 100
932 1490645 100
933 1492245 100
934 1493845 100
935 1495445 100
936 1497045 100
937 1498645 100
938 1500245 100
939 1501846 100
940 1503445 100
941 1505046 100
942 1506646 100
943 1508245 100
944 1509848 100
945 1511446 100
946 1513046 100
947 1514646 100
948 1516246 100
949 1517846 100
950 1519446 100
951 1521046 100
952 1522646 100
953 1524246 100
954 1525846 100
955 1527446 100
956 1529046 100
957 1530647 100
958 1532247 100
959 1533847 100
960 1535447 100
961 1537047 100
962 1538647 100
963 1540247 100
964 1541847 100
965 1543447 100
966 1545047 100
967 1546647 100
968 1548246 100
969 1549847 100
970 1551447 100
971 1553048 100
972 1554647 100
973 1556250 100
974 1557847 100
975 1559447 100
976 1561047 100
977 1562647 100
978 1564248 100
979 1565847 100
980 1567447 100
981 1569048 100
982 1570647 100
983 1572247 100
984 1573847 100
985 1575447 100
986 1577047 100
987 1578647 100
988 1580247 100
989 1581847 100
990 1583448 100
991 1585048 100
992 1586648 100
993 1588248 100
994 1589850 100
995 1591448 100
996 1593048 100
997 1594648 100
998 1596248 100
999 1597848 100
1000 1599448 100
1001 1601048 100
1002 1602650 100
1003 1604248 100
1004 1605848 100
1005 1607448 100
1006 1609049 100
1007 1610649 100
1008 1612248 100
1009 1613849 100
1010 1615449 100
1011 1617049 100
1012 1618649 100
1013 1620249 100
1014 1621849 100
1015 1623449 100
1016 1625049 100
1017 1626649 100
1018 1628249 100
1019 1629849 100
1020 1631449 100
1021 1633050 100
1022 1634649 100
1023 1636250 100
1024 1637850 100
1025 1639449 100
1026 1641050 100
1027 1642650 100
1028 1644250 100
1029 1645850 100
1030 1647450 100
1031 1649052 100
1032 1650650 100
1033 1652250 100
1034 1653850 100
1035 1655450 100
1036 1657050 100
1037 1658650 100
1038 1660250 100
1039 1661850 100
1040 1663450 100
1041 1665050 100
1042 1666650 100
1043 1668250 100
1044 1669850 100
1045 1671451 100
1046 1673050 100
1047 1674651 100
1048 1676251 100
1049 1677851 100
1050 1679451 100
1051 1681051 100
1052 1682650 100
1053 1684251 100
1054 1685851 100
1055 1687451 100
1056 1689051 100
1057 1690651 100
1058 1692251 100
1059 1693852 100
1060 1695454 100
1061 1697051 100
1062 1698651 100
1063 1700251 100
1064 1701851 100
1065 1703452 100
1066 1705052 100
1067 1706651 100
1068 1708252 100
1069 1709851 100
1070 1711451 100
1071 1713051 100
1072 1714651 100
1073 1716252 100
1074 1717852 100
1075 1719452 100
1076 1721052 100
1077 1722652 100
1078 1724252 100
1079 1725852 100
1080 1727452 100
1081 1729052 100
1082 1730652 100
1083 1732252 100
1084 1733852 100
1085 1735452 100
1086 1737052 100
1087 1738652 100
1088 1740252 100
1089 1741854 100
1090 1743454 100
1091 1745053 100
1092 1746652 100
1093 1748253 100
1094 1749853 100
1095 1751453 100
1096 1753053 100
1097 1754653 100
1098 1756253 100
1099 1757853 100
1100 1759460 100
1101 1761060 100
1102 1762660 100
1103 1764260 100
1104 1765860 100
1105 1767468 100
1106 1769068 100
1107 1770668 100
1108 1772269 100
1109 1773868 100
1110 1775469 100
1111 1777068 100
1112 1778669 100
1113 1780269 100
1114 1781869 100
1115 1783469 100
1116 1785074 100
1117 1786674 100
1118 1788276 100
1119 1789874 100
1120 1791475 100
1121 1793074 100
1122 1794674 100
1123 1796275 100
1124 1797875 100
1125 1799474 100
1126 1801075 100
1127 1802675 100
1128 1804275 100
1129 1805875 100
1130 1807475 100
1131 1809075 100
1132 1810675 100
1133 1812275 100
1134 1813875 100
1135 1815475 100
1136 1817075 100
1137 1818676 100
1138 1820275 100
1139 1821875 100
1140 1823475 100
1141 1825075 100
1142 1826675 100
1143 1828275 100
1144 1829875 100
1145 1831475 100
1146 1833076 100
1147 1834678 100
1148 1836276 100
1149 1837876 100
1150 1839476 100
1151 1841076 100
1152 1842676 100
1153 1844276 100
1154 1845876 100
1155 1847477 100
1156 1849077 100
1157 1850676 100
1158 1852276 100
1159 1853876 100
1160 1855476 100
1161 1857077 100
1162 1858676 100
1163 1860277 100
1164 1861877 100
1165 1863477 100
1166 1865077 100
1167 1866677 100
1168 1868276 100
1169 1869877 100
1170 1871477 100
1171 1873077 100
1172 1874676 100
1173 1876277 100
1174 1877876 100
1175 1879477 100
1176 1881079 100
1177 1882677 100
1178 1884277 100
1179 1885877 100
1180 1887477 100
1181 1889077 100
1182 1890677 100
1183 1892277 100
1184 1893877 100
1185 1895477 100
1186 1897077 100
1187 1898677 100
1188 1900277 100
1189 1901877 100
1190 1903477 100
1191 1905077 100
1192 1906677 100
1193 1908278 100
1194 1909878 100
1195 1911478 100
1196 1913078 100
1197 1914678 100
1198 1916278 100
1199 1917878 100
1200 1919478 100
1201 1921079 100
1202 1922678 100
1203 1924278 100
1204 1925879 100
1205 1927481 100
1206 1929078 100
1207 1930678 100
1208 1932279 100
1209 1933879 100
1210 1935479 100
1211 1937078 100
1212 1938679 100
1213 1940279 100
1214 1941878 100
1215 1943478 100
1216 1945078 100
1217 1946678 100
1218 1948278 100
1219 1949879 100
1220 1951479 100
1221 1953079 100
1222 1954679 100
1223 1956279 100
1224 1957879 100
1225 1959479 100
1226 1961079 100
1227 1962679 100
1228 1964279 100
1229 1965880 100
1230 1967479 100
1231 1969079 100
1232 1970679 100
1233 1972279 100
1234 1973881 100
1235 1975479 100
1236 1977079 100
1237 1978679 100
1238 1980279 100
1239 1981880 100
1240 1983480 100
1241 1985080 100
1242 1986680 100
1243 1988280 100
1244 1989880 100
1245 1991480 100
1246 1993080 100
1247 1994680 100
1248 1996280 100
1249 1997880 100
1250 1999480 100
1251 2001080 100
1252 2002680 100
1253 2004280 100
1254 2005880 100
1255 2007480 100
1256 2009080 100
1257 2010680 100
1258 2012280 100
1259 2013881 100
1260 2015480 100
1261 2017080 100
1262 2018680 100
1263 2020282 100
1264 2021880 100
1265 2023481 100
1266 2025080 100
1267 2026680 100
1268 2028281 100
1269 2029881 100
1270 2031481 100
1271 2033081 100
1272 2034681 100
1273 2036281 100
1274 2037881 100
1275 2039481 100
1276 2041081 100
1277 2042681 100
1278 2044281 100
1279 2045881 100
1280 2047481 100
1281 2049081 100
1282 2050681 100
1283 2052281 100
1284 2053882 100
1285 2055482 100
1286 2057081 100
1287 2058681 100
1288 2060281 100
1289 2061881 100
1290 2063482 100
1291 2065082 100
1292 2066684 100
1293 2068282 100
1294 2069882 100
1295 2071482 100
1296 2073082 100
1297 2074682 100
1298 2076282 100
1299 2077882 100
1300 2079482 100
1301 2081082 100
1302 2082682 100
1303 2084283 100
1304 2085882 100
1305 2087482 100
1306 2089082 100
1307 2090682 100
1308 2092282 100
1309 2093882 100
1310 2095483 100
1311 2097083 100
1312 2098683 100
1313 2100283 100
1314 2101883 100
1315 2103483 100
1316 2105083 100
1317 2106683 100
1318 2108283 100
1319 2109883 100
1320 2111483 100
1321 2113085 100
1322 2114683 100
1323 2116283 100
1324 2117883 100
1325 2119483 100
1326 2121083 100
1327 2122690 100
1328 2124290 100
1329 2125890 100
1330 2127490 100
1331 2129090 100
1332 2130690 100
1333 2132290 100
1334 2133891 100
1335 2135491 100
1336 2137091 100
1337 2138691 100
1338 2140291 100
1339 2141891 100
1340 2143491 100
1341 2145091 100
1342 2146691 100
1343 2148291 100
1344 2149892 100
1345 2151491 100
1346 2153092 100
1347 2154692 100
1348 2156291 100
1349 2157892 100
1350 2159499 100
1351 2161097 100
1352 2162697 100
1353 2164297 100
1354 2165897 100
1355 2167497 100
1356 2169097 100
1357 2170697 100
1358 2172297 100
1359 2173898 100
1360 2175497 100
1361 2177098 100
1362 2178698 100
1363 2180298 100
1364 2181898 100
1365 2183498 100
1366 2185098 100
1367 2186698 100
1368 2188298 100
1369 2189898 100
1370 2191498 100
1371 2193098 100
1372 2194698 100
1373 2196298 100
1374 2197898 100
1375 2199498 100
1376 2201098 100
1377 2202698 100
1378 2204298 100
1379 2205901 100
1380 2207498 100
1381 2209099 100
1382 2210698 100
1383 2212299 100
1384 2213899 100
1385 2215499 100
1386 2217099 100
1387 2218699 100
1388 2220299 100
1389 2221900 100
1390 2223499 100
1391 2225099 100
1392 2226699 100
1393 2228299 100
1394 2229899 100
1395 2231499 100
1396 2233099 100
1397 2234699 100
1398 2236299 100
1399 2237899 100
1400 2239499 100
1401 2241099 100
1402 2242699 100
1403 2244299 100
1404 2245900 100
1405 2247500 100
1406 2249099 100
1407 2250699 100
1408 2252302 100
1409 2253899 100
1410 2255500 100
1411 2257100 100
1412 2258700 100
1413 2260300 100
1414 2261900 100
1415 2263500 100
1416 2265100 100
1417 2266700 100
1418 2268300 100
1419 2269900 100
1420 2271500 100
1421 2273100 100
1422 2274700 100
1423 2276300 100
1424 2277900 100
1425 2279500 100
1426 2281100 100
1427 2282702 100
1428 2284300 100
1429 2285900 100
1430 2287500 100
1431 2289101 100
1432 2290701 100
1433 2292300 100
1434 2293901 100
1435 2295501 100
1436 2297101 100
1437 2298701 100
1438 2300301 100
1439 2301901 100
1440 2303501 100
1441 2305101 100
1442 2306701 100
1443 2308301 100
1444 2309901 100
1445 2311501 100
1446 2313101 100
1447 2314701 100
1448 2316301 100
1449 2317901 100
1450 2319502 100
1451 2321102 100
1452 2322701 100
1453 2324302 100
1454 2325902 100
1455 2327502 100
1456 2329104 100
1457 2330702 100
1458 2332304 100
1459 2333902 100
1460 2335502 100
1461 2337103 100
1462 2338703 100
1463 2340303 100
1464 2341903 100
1465 2343503 100
1466 2345103 100
1467 2346702 100
1468 2348303 100
1469 2349903 100
1470 2351503 100
1471 2353103 100
1472 2354703 100
1473 2356303 100
1474 2357903 100
1475 2359503 100
1476 2361106 100
1477 2362707 100
1478 2364307 100
1479 2365907 100
1480 2367507 100
1481 2369114 100
1482 2370714 100
1483 2372314 100
1484 2373914 100
1485 2375517 100
1486 2377114 100
1487 2378714 100
1488 2380315 100
1489 2381915 100
1490 2383515 100
1491 2385115 100
1492 2386715 100
1493 2388315 100
1494 2389915 100
1495 2391514 100
1496 2393114 100
1497 2394715 100
1498 2396315 100
1499 2397915 100
1500 2399515 100
1501 2401115 100
1502 2402715 100
1503 2404315 100
1504 2405915 100
1505 2407515 100
1506 2409115 100
1507 2410715 100
1508 2412315 100
1509 2413915 100
1510 2415515 100
1511 2417115 100
1512 2418715 100
1513 2420315 100
1514 2421918 100
1515 2423515 100
1516 2425115 100
1517 2426715 100
1518 2428315 100
1519 2429915 100
1520 2431515 100
1521 2433115 100
1522 2434715 100
1523 2436316 100
1524 2437916 100
1525 2439516 100
1526 2441116 100
1527 2442716 100
1528 2444316 100
1529 2445916 100
1530 2447516 100
1531 2449116 100
1532 2450716 100
1533 2452316 100
1534 2453926 100
1535 2455526 100
1536 2457126 100
1537 2458726 100
1538 2460326 100
1539 2461926 100
1540 2463526 100
1541 2465126 100
1542 2466727 100
1543 2468327 100
1544 2469927 100
1545 2471526 100
1546 2473127 100
1547 2474726 100
1548 2476326 100
1549 2477927 100
1550 2479527 100
1551 2481129 100
1552 2482727 100
1553 2484327 100
1554 2485927 100
1555 2487527 100
1556 2489127 100
1557 2490727 100
1558 2492327 100
1559 2493927 100
1560 2495533 100
1561 2497132 100
1562 2498733 100
1563 2500333 100
1564 2501935 100
1565 2503535 100
1566 2505135 100
1567 2506735 100
1568 2508335 100
1569 2509935 100
1570 2511535 100
1571 2513135 100
1572 2514735 100
1573 2516335 100
1574 2517935 100
1575 2519536 100
1576 2521136 100
1577 2522736 100
1578 2524336 100
1579 2525936 100
1580 2527537 100
1581 2529136 100
1582 2530736 100
1583 2532336 100
1584 2533936 100
1585 2535536 100
1586 2537136 100
1587 2538736 100
1588 2540336 100
1589 2541937 100
1590 2543537 100
1591 2545137 100
1592 2546737 100
1593 2548337 100
1594 2549937 100
1595 2551537 100
1596 2553137 100
1597 2554738 100
1598 2556337 100
1599 2557938 100
1600 2559537 100
1601 2561137 100
1602 2562738 100
1603 2564338 100
1604 2565937 100
1605 2567542 100
1606 2569142 100
1607 2570742 100
1608 2572342 100
1609 2573947 100
1610 2575542 100
1611 2577142 100
1612 2578742 100
1613 2580342 100
1614 2581942 100
1615 2583542 100
1616 2585142 100
1617 2586743 100
1618 2588343 100
1619 2589943 100
1620 2591543 100
1621 2593143 100
1622 2594743 100
1623 2596343 100
1624 2597943 100
1625 2599543 100
1626 2601143 100
1627 2602743 100
1628 2604343 100
1629 2605943 100
1630 2607543 100
1631 2609143 100
1632 2610743 100
1633 2612343 100
1634 2613944 100
1635 2615543 100
1636 2617143 100
1637 2618748 100
1638 2620350 100
1639 2621948 100
1640 2623548 100
1641 2625148 100
1642 2626748 100
1643 2628348 100
1644 2629948 100
1645 2631548 100
1646 2633148 100
1647 2634748 100
1648 2636348 100
1649 2637948 100
1650 2639548 100
1651 2641148 100
1652 2642749 100
1653 2644349 100
1654 2645949 100
1655 2647549 100
1656 2649149 100
1657 2650749 100
1658 2652349 100
1659 2653949 100
1660 2655549 100
1661 2657149 100
1662 2658749 100
1663 2660349 100
1664 2661949 100
1665 2663549 100
1666 2665149 100
1667 2666753 100
1668 2668349 100
1669 2669949 100
1670 2671549 100
1671 2673149 100
1672 2674749 100
1673 2676349 100
1674 2677950 100
1675 2679549 100
1676 2681150 100
1677 2682750 100
1678 2684351 100
1679 2685950 100
1680 2687550 100
1681 2689150 100
1682 2690750 100
1683 2692350 100
1684 2693950 100
1685 2695550 100
1686 2697152 100
1687 2698750 100
1688 2700350 100
1689 2701950 100
1690 2703550 100
1691 2705150 100
1692 2706751 100
1693 2708350 100
1694 2709951 100
1695 2711551 100
1696 2713151 100
1697 2714752 100
1698 2716351 100
1699 2717951 100
1700 2719551 100
1701 2721151 100
1702 2722751 100
1703 2724351 100
1704 2725951 100
1705 2727551 100
1706 2729151 100
1707 2730751 100
1708 2732351 100
1709 2733952 100
1710 2735552 100
1711 2737152 100
1712 2738752 100
1713 2740352 100
1714 2741958 100
1715 2743563 100
1716 2745159 100
1717 2746759 100
1718 2748359 100
1719 2749959 100
1720 2751559 100
1721 2753159 100
1722 2754759 100
1723 2756359 100
1724 2757959 100
1725 2759559 100
1726 2761159 100
1727 2762759 100
1728 2764359 100
1729 2765959 100
1730 2767559 100
1731 2769159 100
1732 2770759 100
1733 2772360 100
1734 2773959 100
1735 2775559 100
1736 2777159 100
1737 2778759 100
1738 2780359 100
1739 2781960 100
1740 2783560 100
1741 2785160 100
1742 2786760 100
1743 2788360 100
1744 2789962 100
1745 2791560 100
1746 2793160 100
1747 2794760 100
1748 2796360 100
1749 2797960 100
1750 2799560 100
1751 2801160 100
1752 2802760 100
1753 2804360 100
1754 2805960 100
1755 2807560 100
1756 2809160 100
1757 2810760 100
1758 2812360 100
1759 2813960 100
1760 2815561 100
1761 2817160 100
1762 2818761 100
1763 2820361 100
1764 2821960 100
1765 2823561 100
1766 2825161 100
1767 2826761 100
1768 2828361 100
1769 2829961 100
1770 2831561 100
1771 2833161 100
1772 2834761 100
1773 2836363 100
1774 2837961 100
1775 2839561 100
1776 2841161 100
1777 2842761 100
1778 2844361 100
1779 2845961 100
1780 2847561 100
1781 2849161 100
1782 2850761 100
1783 2852361 100
1784 2853961 100
1785 2855561 100
1786 2857161 100
1787 2858761 100
1788 2860361 100
1789 2861962 100
1790 2863562 100
1791 2865162 100
1792 2866762 100
1793 2868362 100
1794 2869962 100
1795 2871562 100
1796 2873162 100
1797 2874762 100
1798 2876362 100
1799 2877962 100
1800 2879562 100
1801 2881162 100
1802 2882764 100
1803 2884362 100
1804 2885962 100
1805 2887562 100
1806 2889162 100
1807 2890762 100
1808 2892362 100
1809 2893962 100
1810 2895562 100
1811 2897162 100
1812 2898763 100
1813 2900363 100
1814 2901963 100
1815 2903563 100
1816 2905163 100
1817 2906763 100
1818 2908363 100
1819 2909963 100
1820 2911563 100
1821 2913163 100
1822 2914763 100
1823 2916363 100
1824 2917963 100
1825 2919563 100
1826 2921163 100
1827 2922763 100
1828 2924363 100
1829 2925963 100
1830 2927563 100
1831 2929165 100
1832 2930763 100
1833 2932364 100
1834 2933964 100
1835 2935568 100
1836 2937168 100
1837 2938768 100
1838 2940368 100
1839 2941968 100
1840 2943568 100
1841 2945168 100
1842 2946768 100
1843 2948368 100
1844 2949969 100
1845 2951569 100
1846 2953168 100
1847 2954768 100
1848 2956368 100
1849 2957969 100
1850 2959568 100
1851 2961168 100
1852 2962769 100
1853 2964369 100
1854 2965969 100
1855 2967569 100
1856 2969169 100
1857 2970769 100
1858 2972369 100
1859 2973969 100
1860 2975571 100
1861 2977169 100
1862 2978769 100
1863 2980369 100
1864 2981969 100
1865 2983569 100
1866 2985169 100
1867 2986774 100
1868 2988374 100
1869 2989974 100
1870 2991574 100
1871 2993174 100
1872 2994774 100
1873 2996374 100
1874 2997974 100
1875 2999574 100
1876 3001174 100
1877 3002774 100
1878 3004374 100
1879 3005974 100
1880 3007574 100
1881 3009182 100
1882 3010782 100
1883 3012382 100
1884 3013982 100
1885 3015582 100
1886 3017182 100
1887 3018782 100
1888 3020383 100
1889 3021985 100
1890 3023582 100
1891 3025182 100
1892 3026783 100
1893 3028383 100
1894 3029983 100
1895 3031583 100
1896 3033183 100
1897 3034783 100
1898 3036385 100
1899 3037983 100
1900 3039583 100
1901 3041183 100
1902 3042783 100
1903 3044383 100
1904 3045983 100
1905 3047583 100
1906 3049183 100
1907 3050783 100
1908 3052383 100
1909 3053983 100
1910 3055583 100
1911 3057183 100
1912 3058783 100
1913 3060383 100
1914 3061983 100
1915 3063584 100
1916 3065184 100
1917 3066784 100
1918 3068384 100
1919 3069984 100
1920 3071584 100
1921 3073184 100
1922 3074784 100
1923 3076384 100
1924 3077984 100
1925 3079584 100
1926 3081184 100
1927 3082786 100
1928 3084384 100
1929 3085984 100
1930 3087584 100
1931 3089184 100
1932 3090784 100
1933 3092384 100
1934 3093984 100
1935 3095584 100
1936 3097184 100
1937 3098784 100
1938 3100384 100
1939 3101985 100
1940 3103585 100
1941 3105185 100
1942 3106785 100
1943 3108385 100
1944 3109985 100
1945 3111586 100
1946 3113185 100
1947 3114785 100
1948 3116385 100
1949 3117985 100
1950 3119585 100
1951 3121185 100
1952 3122785 100
1953 3124385 100
1954 3125985 100
1955 3127585 100
1956 3129185 100
1957 3130785 100
1958 3132386 100
1959 3133985 100
1960 3135587 100
1961 3137196 100
1962 3138786 100
1963 3140386 100
1964 3141986 100
1965 3143587 100
1966 3145186 100
1967 3146787 100
1968 3148387 100
1969 3149987 100
1970 3151587 100
1971 3153187 100
1972 3154787 100
1973 3156387 100
1974 3157991 100
1975 3159587 100
1976 3161188 100
1977 3162787 100
1978 3164387 100
1979 3165987 100
1980 3167587 100
1981 3169187 100
1982 3170787 100
1983 3172388 100
1984 3173987 100
1985 3175587 100
1986 3177187 100
1987 3178787 100
1988 3180387 100
1989 3181987 100
1990 3183588 100
1991 3185188 100
1992 3186788 100
1993 3188389 100
1994 3189988 100
1995 3191588 100
1996 3193188 100
1997 3194788 100
1998 3196388 100
1999 3197988 100
2000 3199588 100
2001 3201188 100
2002 3202788 100
2003 3204388 100
2004 3205988 100
2005 3207588 100
2006 3209188 100
2007 3210788 100
2008 3212388 100
2009 3213988 100
2010 3215588 100
2011 3217188 100
2012 3218789 100
2013 3220389 100
2014 3221989 100
2015 3223589 100
2016 3225189 100
2017 3226789 100
2018 3228389 100
2019 3229989 100
2020 3231589 100
2021 3233189 100
2022 3234791 100
2023 3236389 100
2024 3237989 100
2025 3239589 100
2026 3241189 100
2027 3242789 100
2028 3244389 100
2029 3245989 100
2030 3247589 100
2031 3249189 100
2032 3250789 100
2033 3252389 100
2034 3253989 100
2035 3255589 100
2036 3257189 100
2037 3258789 100
2038 3260390 100
2039 3261990 100
2040 3263590 100
2041 3265190 100
2042 3266790 100
2043 3268390 100
2044 3269990 100
2045 3271590 100
2046 3273190 100
2047 3274790 100
2048 3276390 100
2049 3277990 100
2050 3279590 100
2051 3281192 100
2052 3282790 100
2053 3284390 100
2054 3285990 100
2055 3287590 100
2056 3289190 100
2057 3290790 100
2058 3292390 100
2059 3293991 100
2060 3295590 100
2061 3297190 100
2062 3298790 100
2063 3300391 100
2064 3301991 100
2065 3303591 100
2066 3305191 100
2067 3306791 100
2068 3308391 100
2069 3309991 100
2070 3311591 100
2071 3313191 100
2072 3314791 100
2073 3316391 100
2074 3317991 100
2075 3319591 100
2076 3321191 100
2077 3322792 100
2078 3324391 100
2079 3325991 100
2080 3327593 100
2081 3329191 100
2082 3330791 100
2083 3332391 100
2084 3333991 100
2085 3335591 100
2086 3337191 100
2087 3338791 100
2088 3340392 100
2089 3341992 100
2090 3343592 100
2091 3345192 100
2092 3346792 100
2093 3348392 100
2094 3349992 100
2095 3351592 100
2096 3353192 100
2097 3354792 100
2098 3356392 100
2099 3357992 100
2100 3359592 100
2101 3361193 100
2102 3362792 100
2103 3364393 100
2104 3365993 100
2105 3367593 100
2106 3369193 100
2107 3370793 100
2108 3372393 100
2109 3373995 100
2110 3375593 100
2111 3377193 100
2112 3378793 100
2113 3380393 100
2114 3381993 100
2115 3383593 100
2116 3385193 100
2117 3386793 100
2118 3388393 100
2119 3389993 100
2120 3391593 100
2121 3393193 100
2122 3394793 100
2123 3396393 100
2124 3397994 100
2125 3399593 100
2126 3401194 100
2127 3402793 100
2128 3404393 100
2129 3405993 100
2130 3407594 100
2131 3409194 100
2132 3410794 100
2133 3412394 100
2134 3413994 100
2135 3415594 100
2136 3417194 100
2137 3418794 100
2138 3420396 100
2139 3421994 100
2140 3423594 100
2141 3425194 100
2142 3426794 100
2143 3428394 100
2144 3429994 100
2145 3431594 100
2146 3433194 100
2147 3434794 100
2148 3436394 100
2149 3437997 100
2150 3439597 100
2151 3441197 100
2152 3442797 100
2153 3444397 100
2154 3445998 100
2155 3447598 100
2156 3449197 100
2157 3450797 100
2158 3452398 100
2159 3453998 100
2160 3455597 100
2161 3457197 100
2162 3458803 100
2163 3460403 100
2164 3462003 100
2165 3463603 100
2166 3465203 100
2167 3466803 100
2168 3468403 100
2169 3470003 100
2170 3471603 100
2171 3473203 100
2172 3474803 100
2173 3476403 100
2174 3478004 100
2175 3479605 100
2176 3481204 100
2177 3482804 100
2178 3484404 100
2179 3486004 100
2180 3487604 100
2181 3489204 100
2182 3490804 100
2183 3492404 100
2184 3494004 100
2185 3495604 100
2186 3497204 100
2187 3498804 100
2188 3500404 100
2189 3502004 100
2190 3503604 100
2191 3505205 100
2192 3506804 100
2193 3508404 100
2194 3510005 100
2195 3511605 100
2196 3513204 100
2197 3514804 100
2198 3516404 100
2199 3518004 100
2200 3519604 100
2201 3521205 100
2202 3522805 100
2203 3524405 100
2204 3526006 100
2205 3527605 100
2206 3529205 100
2207 3530805 100
2208 3532405 100
2209 3534005 100
2210 3535605 100
2211 3537205 100
2212 3538805 100
2213 3540405 100
2214 3542005 100
2215 3543605 100
2216 3545205 100
2217 3546805 100
2218 3548405 100
2219 3550005 100
2220 3551605 100
2221 3553205 100
2222 3554805 100
2223 3556406 100
2224 3558006 100
2225 3559606 100
2226 3561206 100
2227 3562806 100
2228 3564406 100
2229 3566006 100
2230 3567606 100
2231 3569206 100
2232 3570806 100
2233 3572410 100
2234 3574006 100
2235 3575606 100
2236 3577206 100
2237 3578806 100
2238 3580406 100
2239 3582006 100
2240 3583606 100
2241 3585206 100
2242 3586806 100
2243 3588406 100
2244 3590006 100
2245 3591606 100
2246 3593206 100
2247 3594806 100
2248 3596407 100
2249 3598007 100
2250 3599607 100
2251 3601207 100
2252 3602807 100
2253 3604407 100
2254 3606007 100
2255 3607607 100
2256 3609207 100
2257 3610807 100
2258 3612407 100
2259 3614007 100
2260 3615607 100
2261 3617207 100
2262 3618809 100
2263 3620407 100
2264 3622007 100
2265 3623607 100
2266 3625207 100
2267 3626807 100
2268 3628408 100
2269 3630008 100
2270 3631607 100
2271 3633208 100
2272 3634808 100
2273 3636408 100
2274 3638008 100
2275 3639608 100
2276 3641209 100
2277 3642808 100
2278 3644408 100
2279 3646008 100
2280 3647608 100
2281 3649209 100
2282 3650808 100
2283 3652408 100
2284 3654008 100
2285 3655608 100
2286 3657209 100
2287 3658809 100
2288 3660408 100
2289 3662008 100
2290 3663608 100
2291 3665210 100
2292 3666808 100
2293 3668408 100
2294 3670008 100
2295 3671608 100
2296 3673209 100
2297 3674809 100
2298 3676409 100
2299 3678009 100
2300 3679609 100
2301 3681209 100
2302 3682809 100
2303 3684409 100
2304 3686009 100
2305 3687609 100
2306 3689209 100
2307 3690809 100
2308 3692409 100
2309 3694009 100
2310 3695609 100
2311 3697209 100
2312 3698809 100
2313 3700409 100
2314 3702009 100
2315 3703609 100
2316 3705209 100
2317 3706809 100
2318 3708409 100
2319 3710009 100
2320 3711611 100
2321 3713209 100
2322 3714809 100
2323 3716410 100
2324 3718010 100
2325 3719610 100
2326 3721210 100
2327 3722810 100
2328 3724410 100
2329 3726010 100
2330 3727610 100
2331 3729210 100
2332 3730810 100
2333 3732410 100
2334 3734010 100
2335 3735610 100
2336 3737210 100
2337 3738810 100
2338 3740410 100
2339 3742010 100
2340 3743610 100
2341 3745210 100
2342 3746810 100
2343 3748410 100
2344 3750010 100
2345 3751611 100
2346 3753211 100
2347 3754811 100
2348 3756419 100
2349 3758011 100
2350 3759611 100
2351 3761211 100
2352 3762811 100
2353 3764411 100
2354 3766011 100
2355 3767611 100
2356 3769211 100
2357 3770811 100
2358 3772411 100
2359 3774018 100
2360 3775618 100
2361 3777218 100
2362 3778818 100
2363 3780418 100
2364 3782018 100
2365 3783618 100
2366 3785218 100
2367 3786818 100
2368 3788426 100
2369 3790026 100
2370 3791626 100
2371 3793226 100
2372 3794826 100
2373 3796426 100
2374 3798026 100
2375 3799626 100
2376 3801227 100
2377 3802828 100
2378 3804427 100
2379 3806027 100
2380 3807627 100
2381 3809227 100
2382 3810827 100
2383 3812427 100
2384 3814027 100
2385 3815627 100
2386 3817227 100
2387 3818827 100
2388 3820427 100
2389 3822027 100
2390 3823627 100
2391 3825227 100
2392 3826827 100
2393 3828427 100
2394 3830027 100
2395 3831627 100
2396 3833227 100
2397 3834827 100
2398 3836427 100
2399 3838027 100
2400 3839627 100
2401 3841228 100
2402 3842828 100
2403 3844428 100
2404 3846028 100
2405 3847628 100
2406 3849230 100
2407 3850828 100
2408 3852428 100
2409 3854028 100
2410 3855628 100
2411 3857228 100
2412 3858828 100
2413 3860438 100
2414 3862028 100
2415 3863628 100
2416 3865228 100
2417 3866829 100
2418 3868429 100
2419 3870028 100
2420 3871628 100
2421 3873228 100
2422 3874829 100
2423 3876429 100
2424 3878028 100
2425 3879629 100
2426 3881229 100
2427 3882829 100
2428 3884429 100
2429 3886029 100
2430 3887629 100
2431 3889229 100
2432 3890829 100
2433 3892429 100
2434 3894029 100
2435 3895631 100
2436 3897229 100
2437 3898829 100
2438 3900429 100
2439 3902030 100
2440 3903629 100
2441 3905230 100
2442 3906830 100
2443 3908429 100
2444 3910029 100
2445 3911629 100
2446 3913230 100
2447 3914830 100
2448 3916430 100
2449 3918030 100
2450 3919630 100
2451 3921230 100
2452 3922830 100
2453 3924430 100
2454 3926030 100
2455 3927630 100
2456 3929230 100
2457 3930830 100
2458 3932430 100
2459 3934030 100
2460 3935630 100
2461 3937230 100
2462 3938830 100
2463 3940430 100
2464 3942032 100
2465 3943630 100
2466 3945230 100
2467 3946830 100
2468 3948437 100
2469 3950037 100
2470 3951637 100
2471 3953237 100
2472 3954837 100
2473 3956437 100
2474 3958037 100
2475 3959637 100
2476 3961238 100
2477 3962838 100
2478 3964438 100
2479 3966038 100
2480 3967638 100
2481 3969238 100
2482 3970838 100
2483 3972438 100
2484 3974038 100
2485 3975638 100
2486 3977238 100
2487 3978838 100
2488 3980438 100
2489 3982038 100
2490 3983639 100
2491 3985238 100
2492 3986838 100
2493 3988440 100
2494 3990039 100
2495 3991639 100
2496 3993239 100
2497 3994839 100
2498 3996441 100
2499 3998041 100
2500 3999641 100
2501 4001241 100
2502 4002843 100
2503 4004441 100
2504 4006041 100
2505 4007641 100
2506 4009241 100
2507 4010847 100
2508 4012447 100
2509 4014047 100
2510 4015647 100
2511 4017247 100
2512 4018847 100
2513 4020447 100
2514 4022047 100
2515 4023648 100
2516 4025247 100
2517 4026847 100
2518 4028448 100
2519 4030048 100
2520 4031648 100
2521 4033248 100
2522 4034848 100
2523 4036448 100
2524 4038048 100
2525 4039648 100
2526 4041248 100
2527 4042848 100
2528 4044448 100
2529 4046048 100
2530 4047648 100
2531 4049250 100
2532 4050848 100
2533 4052448 100
2534 4054048 100
2535 4055648 100
2536 4057248 100
2537 4058848 100
2538 4060448 100
2539 4062049 100
2540 4063649 100
2541 4065249 100
2542 4066849 100
2543 4068449 100
2544 4070049 100
2545 4071649 100
2546 4073249 100
2547 4074849 100
2548 4076454 100
2549 4078054 100
2550 4079654 100
2551 4081254 100
2552 4082854 100
2553 4084455 100
2554 4086054 100
2555 4087655 100
2556 4089255 100
2557 4090855 100
2558 4092455 100
2559 4094055 100
2560 4095657 100
2561 4097255 100
2562 4098855 100
2563 4100455 100
2564 4102055 100
2565 4103655 100
2566 4105255 100
2567 4106855 100
2568 4108455 100
2569 4110056 100
2570 4111655 100
2571 4113255 100
2572 4114856 100
2573 4116456 100
2574 4118055 100
2575 4119656 100
2576 4121256 100
2577 4122856 100
2578 4124456 100
2579 4126056 100
2580 4127656 100
2581 4129256 100
2582 4130856 100
2583 4132456 100
2584 4134056 100
2585 4135656 100
2586 4137256 100
2587 4138856 100
2588 4140456 100
2589 4142058 100
2590 4143657 100
2591 4145256 100
2592 4146857 100
2593 4148456 100
2594 4150056 100
2595 4151657 100
2596 4153257 100
2597 4154857 100
2598 4156457 100
2599 4158056 100
2600 4159656 100
2601 4161257 100
2602 4162857 100
2603 4164457 100
2604 4166057 100
2605 4167662 100
2606 4169262 100
2607 4170862 100
2608 4172462 100
2609 4174062 100
2610 4175662 100
2611 4177262 100
2612 4178862 100
2613 4180462 100
2614 4182062 100
2615 4183665 100
2616 4185265 100
2617 4186865 100
2618 4188473 100
2619 4190071 100
2620 4191671 100
2621 4193271 100
2622 4194871 100
2623 4196471 100
2624 4198071 100
2625 4199671 100
2626 4201271 100
2627 4202871 100
2628 4204471 100
2629 4206071 100
2630 4207671 100
2631 4209271 100
2632 4210871 100
2633 4212472 100
2634 4214072 100
2635 4215672 100
2636 4217272 100
2637 4218872 100
2638 4220472 100
2639 4222072 100
2640 4223672 100
2641 4225272 100
2642 4226872 100
2643 4228472 100
2644 4230072 100
2645 4231672 100
2646 4233272 100
2647 4234874 100
2648 4236472 100
2649 4238072 100
2650 4239672 100
2651 4241272 100
2652 4242872 100
2653 4244474 100
2654 4246074 100
2655 4247674 100
2656 4249274 100
2657 4250874 100
2658 4252474 100
2659 4254074 100
2660 4255674 100
2661 4257274 100
2662 4258874 100
2663 4260474 100
2664 4262074 100
2665 4263674 100
2666 4265274 100
2667 4266874 100
2668 4268474 100
2669 4270074 100
2670 4271674 100
2671 4273274 100
2672 4274874 100
2673 4276474 100
2674 4278074 100
2675 4279675 100
2676 4281279 100
2677 4282875 100
2678 4284475 100
2679 4286075 100
2680 4287675 100
2681 4289275 100
2682 4290875 100
2683 4292475 100
2684 4294075 100
2685 4295675 100
2686 4297276 100
2687 4298875 100
2688 4300476 100
2689 4302075 100
2690 4303675 100
2691 4305275 100
2692 4306875 100
2693 4308475 100
2694 4310075 100
2695 4311676 100
2696 4313275 100
2697 4314876 100
2698 4316476 100
2699 4318076 100
2700 4319676 100
2701 4321276 100
2702 4322876 100
2703 4324476 100
2704 4326083 100
2705 4327683 100
2706 4329283 100
2707 4330883 100
2708 4332483 100
2709 4334083 100
2710 4335683 100
2711 4337283 100
2712 4338883 100
2713 4340484 100
2714 4342086 100
2715 4343683 100
2716 4345283 100
2717 4346883 100
2718 4348483 100
2719 4350083 100
2720 4351683 100
2721 4353283 100
2722 4354883 100
2723 4356483 100
2724 4358084 100
2725 4359684 100
2726 4361284 100
2727 4362884 100
2728 4364484 100
2729 4366084 100
2730 4367684 100
2731 4369284 100
2732 4370885 100
2733 4372484 100
2734 4374084 100
2735 4375684 100
2736 4377284 100
2737 4378884 100
2738 4380484 100
2739 4382084 100
2740 4383684 100
2741 4385284 100
2742 4386884 100
2743 4388486 100
2744 4390084 100
2745 4391684 100
2746 4393284 100
2747 4394884 100
2748 4396485 100
2749 4398085 100
2750 4399685 100
2751 4401285 100
2752 4402885 100
2753 4404485 100
2754 4406085 100
2755 4407685 100
2756 4409285 100
2757 4410885 100
2758 4412485 100
2759 4414085 100
2760 4415685 100
2761 4417285 100
2762 4418885 100
2763 4420485 100
2764 4422085 100
2765 4423685 100
2766 4425285 100
2767 4426885 100
2768 4428489 100
2769 4430089 100
2770 4431689 100
2771 4433289 100
2772 4434892 100
2773 4436489 100
2774 4438089 100
2775 4439689 100
2776 4441289 100
2777 4442889 100
2778 4444489 100
2779 4446090 100
2780 4447690 100
2781 4449290 100
2782 4450890 100
2783 4452490 100
2784 4454091 100
2785 4455690 100
2786 4457290 100
2787 4458890 100
2788 4460490 100
2789 4462091 100
2790 4463691 100
2791 4465290 100
2792 4466890 100
2793 4468491 100
2794 4470090 100
2795 4471690 100
2796 4473290 100
2797 4474890 100
2798 4476490 100
2799 4478090 100
2800 4479690 100
2801 4481292 100
2802 4482891 100
2803 4484491 100
2804 4486091 100
2805 4487691 100
2806 4489291 100
2807 4490891 100
2808 4492491 100
2809 4494091 100
2810 4495691 100
2811 4497291 100
2812 4498891 100
2813 4500491 100
2814 4502091 100
2815 4503691 100
2816 4505291 100
2817 4506891 100
2818 4508491 100
2819 4510091 100
2820 4511691 100
2821 4513292 100
2822 4514892 100
2823 4516492 100
2824 4518092 100
2825 4519692 100
2826 4521292 100
2827 4522892 100
2828 4524493 100
2829 4526092 100
2830 4527694 100
2831 4529292 100
2832 4530892 100
2833 4532493 100
2834 4534092 100
2835 4535693 100
2836 4537293 100
2837 4538893 100
2838 4540492 100
2839 4542093 100
2840 4543693 100
2841 4545292 100
2842 4546893 100
2843 4548494 100
2844 4550093 100
2845 4551693 100
2846 4553294 100
2847 4554893 100
2848 4556493 100
2849 4558093 100
2850 4559693 100
2851 4561293 100
2852 4562893 100
2853 4564494 100
2854 4566093 100
2855 4567694 100
2856 4569294 100
2857 4570893 100
2858 4572494 100
2859 4574095 100
2860 4575693 100
2861 4577293 100
2862 4578894 100
2863 4580494 100
2864 4582093 100
2865 4583693 100
2866 4585294 100
2867 4586894 100
2868 4588494 100
2869 4590094 100
2870 4591694 100
2871 4593294 100
2872 4594894 100
2873 4596494 100
2874 4598094 100
2875 4599694 100
2876 4601294 100
2877 4602894 100
2878 4604494 100
2879 4606094 100
2880 4607694 100
2881 4609294 100
2882 4610894 100
2883 4612502 100
2884 4614102 100
2885 4615701 100
2886 4617301 100
2887 4618902 100
2888 4620504 100
2889 4622102 100
2890 4623702 100
2891 4625302 100
2892 4626902 100
2893 4628502 100
2894 4630102 100
2895 4631702 100
2896 4633302 100
2897 4634902 100
2898 4636502 100
2899 4638102 100
2900 4639702 100
2901 4641302 100
2902 4642902 100
2903 4644502 100
2904 4646102 100
2905 4647702 100
2906 4649302 100
2907 4650902 100
2908 4652502 100
2909 4654110 100
2910 4655710 100
2911 4657310 100
2912 4658910 100
2913 4660510 100
2914 4662110 100
2915 4663710 100
2916 4665310 100
2917 4666912 100
2918 4668510 100
2919 4670110 100
2920 4671710 100
2921 4673310 100
2922 4674910 100
2923 4676510 100
2924 4678111 100
2925 4679711 100
2926 4681311 100
2927 4682911 100
2928 4684511 100
2929 4686111 100
2930 4687711 100
2931 4689311 100
2932 4690911 100
2933 4692511 100
2934 4694111 100
2935 4695711 100
2936 4697311 100
2937 4698911 100
2938 4700511 100
2939 4702111 100
2940 4703711 100
2941 4705311 100
2942 4706912 100
2943 4708512 100
2944 4710112 100
2945 4711712 100
2946 4713313 100
2947 4714912 100
2948 4716512 100
2949 4718112 100
2950 4719712 100
2951 4721312 100
2952 4722912 100
2953 4724512 100
2954 4726112 100
2955 4727715 100
2956 4729315 100
2957 4730916 100
2958 4732517 100
2959 4734116 100
2960 4735716 100
2961 4737316 100
2962 4738916 100
2963 4740516 100
2964 4742116 100
2965 4743718 100
2966 4745316 100
2967 4746916 100
2968 4748516 100
2969 4750116 100
2970 4751717 100
2971 4753317 100
2972 4754917 100
2973 4756517 100
2974 4758117 100
2975 4759717 100
2976 4761317 100
2977 4762917 100
2978 4764517 100
2979 4766118 100
2980 4767717 100
2981 4769318 100
2982 4770918 100
2983 4772517 100
2984 4774118 100
2985 4775717 100
2986 4777318 100
2987 4778917 100
2988 4780517 100
2989 4782118 100
2990 4783718 100
2991 4785318 100
2992 4786918 100
2993 4788518 100
2994 4790120 100
2995 4791718 100
2996 4793318 100
2997 4794918 100
2998 4796518 100
2999 4798118 100
3000 4799718 100
3001 4801318 100
3002 4802918 100
3003 4804518 100
3004 4806118 100
3005 4807718 100
3006 4809318 100
3007 4810918 100
3008 4812518 100
3009 4814119 100
3010 4815718 100
3011 4817319 100
3012 4818918 100
3013 4820519 100
3014 4822119 100
3015 4823719 100
3016 4825319 100
3017 4826919 100
3018 4828519 100
3019 4830119 100
3020 4831720 100
3021 4833320 100
3022 4834919 100
3023 4836522 100
3024 4838119 100
3025 4839719 100
3026 4841319 100
3027 4842919 100
3028 4844519 100
3029 4846119 100
3030 4847719 100
3031 4849320 100
3032 4850920 100
3033 4852520 100
3034 4854120 100
3035 4855720 100
3036 4857320 100
3037 4858920 100
3038 4860520 100
3039 4862120 100
3040 4863720 100
3041 4865320 100
3042 4866921 100
3043 4868520 100
3044 4870121 100
3045 4871720 100
3046 4873321 100
3047 4874920 100
3048 4876521 100
3049 4878121 100
3050 4879721 100
3051 4881322 100
3052 4882925 100
3053 4884522 100
3054 4886122 100
3055 4887721 100
3056 4889322 100
3057 4890921 100
3058 4892522 100
3059 4894122 100
3060 4895721 100
3061 4897321 100
3062 4898921 100
3063 4900522 100
3064 4902122 100
3065 4903722 100
3066 4905322 100
3067 4906922 100
3068 4908522 100
3069 4910122 100
3070 4911722 100
3071 4913322 100
3072 4914922 100
3073 4916522 100
3074 4918123 100
3075 4919722 100
3076 4921322 100
3077 4922922 100
3078 4924522 100
3079 4926130 100
3080 4927730 100
3081 4929331 100
3082 4930939 100
3083 4932540 100
3084 4934140 100
3085 4935740 100
3086 4937340 100
3087 4938940 100
3088 4940540 100
3089 4942140 100
3090 4943740 100
3091 4945340 100
3092 4946940 100
3093 4948541 100
3094 4950141 100
3095 4951741 100
3096 4953341 100
3097 4954941 100
3098 4956541 100
3099 4958141 100
3100 4959741 100
3101 4961341 100
3102 4962941 100
3103 4964541 100
3104 4966141 100
3105 4967741 100
3106 4969341 100
3107 4970941 100
3108 4972541 100
3109 4974141 100
3110 4975745 100
3111 4977342 100
3112 4978942 100
3113 4980542 100
3114 4982142 100
3115 4983742 100
3116 4985342 100
3117 4986942 100
3118 4988542 100
3119 4990142 100
3120 4991742 100
3121 4993342 100
3122 4994942 100
3123 4996543 100
3124 4998142 100
3125 4999743 100
3126 5001342 100
3127 5002942 100
3128 5004542 100
3129 5006142 100
3130 5007742 100
3131 5009342 100
3132 5010942 100
3133 5012542 100
3134 5014144 100
3135 5015743 100
3136 5017343 100
3137 5042451 100
3138 5044051 100
3139 5045654 100
3140 5047251 100
3141 5048851 100
3142 5050451 100
3143 5052051 100
3144 5053651 100
3145 5055251 100
3146 5056852 100
3147 5058452 100
3148 5060052 100
3149 5061652 100
3150 5063252 100
3151 5064852 100
3152 5066452 100
3153 5068052 100
3154 5069652 100
3155 5071253 100
3156 5072853 100
3157 5074453 100
3158 5076053 100
3159 5077653 100
3160 5079253 100
3161 5080853 100
3162 5082453 100
3163 5084053 100
3164 5085653 100
3165 5087254 100
3166 5088853 100
3167 5090453 100
3168 5092056 100
3169 5093653 100
3170 5095253 100
3171 5096854 100
3172 5098454 100
3173 5100054 100
3174 5101654 100
3175 5103254 100
3176 5104854 100
3177 5106454 100
3178 5108054 100
3179 5109654 100
3180 5111254 100
3181 5112854 100
3182 5114454 100
3183 5116054 100
3184 5117655 100
3185 5119254 100
3186 5120854 100
3187 5122454 100
3188 5124054 100
3189 5125883 100
3190 5127482 100
3191 5129082 100
3192 5130682 100
3193 5132282 100
3194 5133882 100
3195 5135482 100
3196 5137082 100
3197 5138682 100
3198 5140282 100
3199 5141882 100
3200 5143482 100
3201 5145082 100
3202 5146682 100
3203 5148282 100
3204 5149883 100
3205 5151483 100
3206 5153083 100
3207 5154683 100
3208 5156283 100
3209 5157883 100
3210 5159483 100
3211 5161083 100
3212 5162683 100
3213 5164283 100
3214 5165883 100
3215 5167483 100
3216 5169085 100
3217 5170683 100
3218 5172283 100
3219 5173883 100
3220 5175483 100
3221 5177083 100
3222 5178683 100
3223 5180287 100
3224 5181887 100
3225 5183487 100
3226 5185087 100
3227 5186687 100
3228 5188287 100
3229 5189887 100
3230 5191487 100
3231 5193087 100
3232 5194687 100
3233 5196288 100
3234 5197888 100
3235 5199488 100
3236 5201088 100
3237 5202688 100
3238 5204288 100
3239 5205888 100
3240 5207488 100
3241 5209088 100
3242 5210688 100
3243 5212288 100
3244 5213888 100
3245 5215491 100
3246 5217088 100
3247 5218688 100
3248 5220288 100
3249 5221888 100
3250 5223488 100
3251 5225088 100
3252 5226696 100
3253 5228296 100
3254 5229897 100
3255 5231497 100
3256 5233097 100
3257 5234697 100
3258 5236297 100
3259 5237897 100
3260 5239497 100
3261 5241097 100
3262 5242697 100
3263 5244297 100
3264 5245897 100
3265 5247497 100
3266 5249097 100
3267 5250697 100
3268 5252297 100
3269 5253897 100
3270 5255497 100
3271 5257097 100
3272 5258697 100
3273 5260297 100
3274 5261899 100
3275 5263497 100
3276 5265097 100
3277 5266697 100
3278 5268297 100
3279 5269897 100
3280 5271498 100
3281 5273098 100
3282 5274698 100
3283 5276298 100
3284 5277898 100
3285 5279498 100
3286 5281098 100
3287 5282698 100
3288 5284298 100
3289 5285898 100
3290 5287498 100
3291 5289098 100
3292 5290698 100
3293 5292298 100
3294 5293898 100
3295 5295498 100
3296 5297098 100
3297 5298698 100
3298 5300298 100
3299 5301899 100
3300 5303499 100
3301 5305098 100
3302 5306699 100
3303 5308301 100
3304 5309898 100
3305 5311499 100
3306 5313099 100
3307 5314699 100
3308 5316299 100
3309 5317899 100
3310 5319499 100
3311 5321099 100
3312 5322699 100
3313 5324299 100
3314 5325899 100
3315 5327499 100
3316 5329099 100
3317 5330699 100
3318 5332299 100
3319 5333899 100
3320 5335499 100
3321 5337099 100
3322 5338699 100
3323 5340299 100
3324 5341899 100
3325 5343499 100
3326 5345099 100
3327 5346700 100
3328 5348299 100
3329 5349899 100
3330 5351500 100
3331 5353100 100
3332 5354701 100
3333 5356300 100
3334 5357900 100
3335 5359500 100
3336 5361100 100
3337 5362700 100
3338 5364300 100
3339 5365900 100
3340 5367500 100
3341 5369100 100
3342 5370700 100
3343 5372300 100
3344 5373900 100
3345 5375500 100
3346 5377100 100
3347 5378700 100
3348 5380300 100
3349 5381900 100
3350 5383500 100
3351 5385101 100
3352 5386700 100
3353 5388300 100
3354 5389900 100
3355 5391501 100
3356 5393101 100
3357 5394701 100
3358 5396301 100
3359 5397901 100
3360 5399501 100
3361 5401102 100
3362 5402701 100
3363 5404301 100
3364 5405901 100
3365 5407501 100
3366 5409101 100
3367 5410701 100
3368 5412301 100
3369 5413901 100
3370 5415501 100
3371 5417101 100
3372 5418710 100
