1 0 100
2 1472 100
3 2861 100
4 4463 100
5 6081 100
6 7622 100
7 9267 100
8 10849 100
9 12443 100
10 13993 100
11 15637 100
12 17273 100
13 18823 100
14 20383 100
15 22099 100
16 23643 100
17 25261 100
18 26890 100
19 28494 100
20 30053 100
21 31683 100
22 33281 100
23 34598 100
24 35496 100
25 36838 100
26 38433 100
27 40020 100
28 41618 100
29 43216 100
30 44843 100
31 46426 100
32 48073 100
33 49647 100
34 51253 100
35 52872 100
36 54466 100
37 56027 100
38 57660 100
39 59229 100
40 60813 100
41 62457 100
42 64033 100
43 65627 100
44 67206 100
45 68871 100
46 70453 100
47 72065 100
48 73665 100
49 75234 100
50 76878 100
51 78465 100
52 80095 100
53 81677 100
54 83249 100
55 84878 100
56 86469 100
57 88069 100
58 89647 100
59 91229 100
60 92832 100
61 94422 100
62 96036 100
63 97629 100
64 99282 100
65 100899 100
66 102447 100
67 104063 100
68 105666 100
69 107254 100
70 108852 100
71 110459 100
72 112061 100
73 113724 100
74 115288 100
75 116866 100
76 118465 100
77 120057 100
78 121649 100
79 123227 100
80 124830 100
81 126425 100
82 128046 100
83 129623 100
84 131279 100
85 132887 100
86 134448 100
87 136035 100
88 137637 100
89 139269 100
90 140862 100
91 142462 100
92 144076 100
93 145685 100
94 147231 100
95 148831 100
96 150485 100
97 152097 100
98 153662 100
99 155225 100
100 156830 100
101 158453 100
102 160047 100
103 161691 100
104 163295 100
105 164899 100
106 166481 100
107 168037 100
108 169629 100
109 171233 100
110 172831 100
111 174437 100
112 176035 100
113 177634 100
114 179228 100
115 180881 100
116 182485 100
117 184044 100
118 185598 100
119 187262 100
120 188868 100
121 190407 100
122 192011 100
123 193655 100
124 195220 100
125 196860 100
126 198472 100
127 200083 100
128 201704 100
129 203290 100
130 204891 100
131 206494 100
132 208118 100
133 209684 100
134 211278 100
135 212896 100
136 214542 100
137 216009 100
138 217598 100
139 219219 100
140 220871 100
141 222457 100
142 224109 100
143 225693 100
144 227326 100
145 228914 100
146 230494 100
147 232087 100
148 233677 100
149 235311 100
150 236913 100
151 238526 100
152 240128 100
153 241754 100
154 243273 100
155 244834 100
156 246433 100
157 248038 100
158 249692 100
159 251311 100
160 252930 100
161 254522 100
162 256050 100
163 257671 100
164 259268 100
165 260936 100
166 262503 100
167 264056 100
168 265657 100
169 267255 100
170 268879 100
171 270509 100
172 272067 100
173 273662 100
174 275284 100
175 276837 100
176 278427 100
177 280063 100
178 281650 100
179 283249 100
180 284881 100
181 286474 100
182 288070 100
183 289675 100
184 291282 100
185 292855 100
186 294475 100
187 296068 100
188 297670 100
189 299276 100
190 300847 100
191 302476 100
192 305179 100
193 305800 100
194 307329 100
195 308832 100
196 310476 100
197 312198 100
198 313696 100
199 315267 100
200 316856 100
201 318465 100
202 320078 100
203 321680 100
204 323270 100
205 324896 100
206 326480 100
207 328096 100
208 329680 100
209 331297 100
210 332894 100
211 334491 100
212 336134 100
213 337675 100
214 339242 100
215 340897 100
216 342447 100
217 344066 100
218 345653 100
219 347264 100
220 348899 100
221 350533 100
222 352114 100
223 353688 100
224 355292 100
225 356929 100
226 358536 100
227 360116 100
228 361716 100
229 363302 100
230 364908 100
231 366494 100
232 368105 100
233 369728 100
234 371306 100
235 372920 100
236 374519 100
237 376140 100
238 377745 100
239 379317 100
240 380889 100
241 382492 100
242 384083 100
243 385673 100
244 387269 100
245 388889 100
246 390489 100
247 392097 100
248 393689 100
249 395345 100
250 396930 100
251 398509 100
252 400115 100
253 401714 100
254 403305 100
255 404907 100
256 406505 100
257 408106 100
258 409687 100
259 411282 100
260 412916 100
261 414502 100
262 416121 100
263 417718 100
264 419306 100
265 420925 100
266 422518 100
267 424198 100
268 425736 100
269 427317 100
270 428881 100
271 430518 100
272 432084 100
273 433667 100
274 435268 100
275 436878 100
276 438490 100
277 440080 100
278 441670 100
279 443269 100
280 444898 100
281 446468 100
282 448075 100
283 449692 100
284 451296 100
285 452892 100
286 454470 100
287 456157 100
288 457746 100
289 459291 100
290 460883 100
291 462480 100
292 464077 100
293 465677 100
294 467260 100
295 468850 100
296 470504 100
297 472105 100
298 473710 100
299 475285 100
300 476899 100
301 478527 100
302 480119 100
303 481704 100
304 483321 100
305 484921 100
306 486535 100
307 488124 100
308 489717 100
309 491313 100
310 492933 100
311 494545 100
312 496150 100
313 497723 100
314 499330 100
315 500906 100
316 502504 100
317 504123 100
318 505723 100
319 507307 100
320 508907 100
321 510512 100
322 512159 100
323 513704 100
324 515320 100
325 516925 100
326 518493 100
327 520095 100
328 521670 100
329 523288 100
330 524910 100
331 526547 100
332 528143 100
333 529741 100
334 531313 100
335 532940 100
336 534542 100
337 536150 100
338 537718 100
339 539342 100
340 540939 100
341 542542 100
342 544197 100
343 545701 100
344 547316 100
345 548955 100
346 550522 100
347 552118 100
348 553726 100
349 555316 100
350 556915 100
351 558539 100
352 560152 100
353 561747 100
354 563345 100
355 564922 100
356 566547 100
357 568146 100
358 569742 100
359 571339 100
360 572945 100
361 574524 100
362 576139 100
363 577687 100
364 579288 100
365 580910 100
366 582531 100
367 584148 100
368 585728 100
369 587324 100
370 588906 100
371 590546 100
372 592156 100
373 593754 100
374 595347 100
375 596955 100
376 598551 100
377 600155 100
378 601759 100
379 603338 100
380 604943 100
381 606546 100
382 608120 100
383 609734 100
384 611289 100
385 612900 100
386 614499 100
387 616123 100
388 617715 100
389 619321 100
390 620928 100
391 622528 100
392 624115 100
393 625717 100
394 627318 100
395 628919 100
396 630518 100
397 632123 100
398 633725 100
399 635321 100
400 636897 100
401 638529 100
402 640132 100
403 641721 100
404 643309 100
405 644921 100
406 646516 100
407 648124 100
408 649719 100
409 651347 100
410 652963 100
411 654555 100
412 656155 100
413 657730 100
414 659339 100
415 660958 100
416 662554 100
417 664150 100
418 665736 100
419 667323 100
420 668938 100
421 670521 100
422 672113 100
423 673700 100
424 675295 100
425 676896 100
426 678496 100
427 680094 100
428 681695 100
429 683294 100
430 684893 100
431 686495 100
432 688093 100
433 689700 100
434 691296 100
435 692902 100
436 694494 100
437 696094 100
438 697722 100
439 699361 100
440 700932 100
441 702522 100
442 704101 100
443 705699 100
444 707298 100
445 708927 100
446 710525 100
447 712154 100
448 713755 100
449 715358 100
450 716952 100
451 718555 100
452 720160 100
453 721743 100
454 723364 100
455 724955 100
456 726557 100
457 728139 100
458 729738 100
459 731322 100
460 732945 100
461 734485 100
462 736092 100
463 737725 100
464 739319 100
465 740906 100
466 742498 100
467 744127 100
468 745722 100
469 747319 100
470 748927 100
471 750501 100
472 752127 100
473 753722 100
474 755322 100
475 756926 100
476 758540 100
477 760124 100
478 761705 100
479 763354 100
480 764945 100
481 766526 100
482 768116 100
483 769715 100
484 771311 100
485 772968 100
486 774559 100
487 776158 100
488 777753 100
489 779360 100
490 780954 100
491 782559 100
492 784158 100
493 785759 100
494 787356 100
495 788938 100
496 790574 100
497 793009 100
498 795054 100
499 796659 100
500 798175 100
501 799758 100
502 801327 100
503 802861 100
504 804510 100
505 806109 100
506 807683 100
507 809351 100
508 811037 100
509 812597 100
510 814192 100
511 815833 100
512 817398 100
513 818990 100
514 820523 100
515 822116 100
516 823682 100
517 825309 100
518 826872 100
519 828468 100
520 830066 100
521 831698 100
522 833297 100
523 834895 100
524 836499 100
525 838100 100
526 839696 100
527 841328 100
528 842924 100
529 844529 100
530 846144 100
531 847747 100
532 849300 100
533 850919 100
534 852520 100
535 854171 100
536 855747 100
537 857332 100
538 858957 100
539 860498 100
540 862090 100
541 863712 100
542 865287 100
543 866906 100
544 868506 100
545 870127 100
546 871739 100
547 873329 100
548 874942 100
549 876599 100
550 878163 100
551 879742 100
552 881332 100
553 882934 100
554 884479 100
555 886092 100
556 887680 100
557 889292 100
558 890905 100
559 892517 100
560 894156 100
561 895733 100
562 897314 100
563 898901 100
564 900565 100
565 902129 100
566 903743 100
567 905307 100
568 906980 100
569 908522 100
570 910139 100
571 911742 100
572 913341 100
573 914884 100
574 916483 100
575 918120 100
576 919584 100
577 921383 100
578 922924 100
579 924512 100
580 926089 100
581 927736 100
582 929316 100
583 930881 100
584 932470 100
585 934080 100
586 935731 100
587 937280 100
588 938896 100
589 940486 100
590 942117 100
591 943767 100
592 945327 100
593 947009 100
594 948516 100
595 950112 100
596 951707 100
597 953340 100
598 954906 100
599 956523 100
600 963544 100
601 963653 100
602 963713 100
603 963767 100
604 964502 100
605 966100 100
606 967738 100
607 969325 100
608 970937 100
609 972479 100
610 974071 100
611 975747 100
612 977315 100
613 978904 100
614 980483 100
615 982091 100
616 983707 100
617 985335 100
618 986921 100
619 988502 100
620 990141 100
621 991706 100
622 993288 100
623 994863 100
624 996452 100
625 998138 100
626 999762 100
627 1001302 100
628 1002932 100
629 1004494 100
630 1009232 100
631 1010459 100
632 1011643 100
633 1012822 100
634 1014019 100
635 1015239 100
636 1016417 100
637 1017604 100
638 1018846 100
639 1020470 100
640 1022076 100
641 1023678 100
642 1025272 100
643 1026919 100
644 1028465 100
645 1030066 100
646 1031674 100
647 1033289 100
648 1034991 100
649 1036467 100
650 1038115 100
651 1039677 100
652 1041298 100
653 1042846 100
654 1044487 100
655 1046081 100
656 1047785 100
657 1049353 100
658 1050882 100
659 1052460 100
660 1054093 100
661 1055774 100
662 1057286 100
663 1058951 100
664 1060503 100
665 1062086 100
666 1063648 100
667 1065300 100
668 1066890 100
669 1067850 100
670 1068944 100
671 1070482 100
672 1072142 100
673 1073739 100
674 1075315 100
675 1076902 100
676 1078504 100
677 1080140 100
678 1081741 100
679 1083335 100
680 1084983 100
681 1086527 100
682 1088138 100
683 1089725 100
684 1091302 100
685 1092923 100
686 1094577 100
687 1096187 100
688 1097802 100
689 1099401 100
690 1100966 100
691 1102534 100
692 1104121 100
693 1105744 100
694 1107315 100
695 1108949 100
696 1110551 100
697 1112195 100
698 1113716 100
699 1115355 100
700 1116930 100
701 1118534 100
702 1120133 100
703 1121730 100
704 1123370 100
705 1124926 100
706 1126564 100
707 1128159 100
708 1129739 100
709 1131361 100
710 1132980 100
711 1134551 100
712 1136117 100
713 1137722 100
714 1139320 100
715 1140909 100
716 1142556 100
717 1144166 100
718 1145759 100
719 1147393 100
720 1148952 100
721 1150618 100
722 1152196 100
723 1153777 100
724 1155350 100
725 1156941 100
726 1158621 100
727 1160137 100
728 1161756 100
729 1163388 100
730 1164981 100
731 1166528 100
732 1168145 100
733 1169768 100
734 1171373 100
735 1172957 100
736 1174541 100
737 1176156 100
738 1177735 100
739 1179322 100
740 1180916 100
741 1182545 100
742 1184192 100
743 1185849 100
744 1187390 100
745 1188951 100
746 1190526 100
747 1192157 100
748 1193724 100
749 1195329 100
750 1196965 100
751 1198555 100
752 1200146 100
753 1201739 100
754 1203322 100
755 1204914 100
756 1206559 100
757 1208159 100
758 1209759 100
759 1211322 100
760 1212928 100
761 1214592 100
762 1216151 100
763 1217745 100
764 1219325 100
765 1220920 100
766 1222534 100
767 1224164 100
768 1225727 100
769 1227363 100
770 1228961 100
771 1230543 100
772 1232160 100
773 1233772 100
774 1235329 100
775 1236940 100
776 1238567 100
777 1240118 100
778 1241713 100
779 1243330 100
780 1244959 100
781 1246633 100
782 1248201 100
783 1249843 100
784 1251487 100
785 1253001 100
786 1254532 100
787 1256097 100
788 1257753 100
789 1259344 100
790 1260966 100
791 1262580 100
792 1264174 100
793 1265799 100
794 1267367 100
795 1268964 100
796 1270569 100
797 1272181 100
798 1273721 100
799 1275331 100
800 1276964 100
801 1278539 100
802 1280159 100
803 1281773 100
804 1283335 100
805 1284932 100
806 1286530 100
807 1288102 100
808 1289729 100
809 1291380 100
810 1292974 100
811 1294570 100
812 1296146 100
813 1297738 100
814 1299360 100
815 1300956 100
816 1302574 100
817 1304181 100
818 1305744 100
819 1307443 100
820 1309117 100
821 1310611 100
822 1312136 100
823 1313863 100
824 1315398 100
825 1316950 100
826 1318535 100
827 1320198 100
828 1321739 100
829 1323348 100
830 1324993 100
831 1326597 100
832 1328165 100
833 1329781 100
834 1331358 100
835 1332936 100
836 1334566 100
837 1336144 100
838 1337754 100
839 1339350 100
840 1340963 100
841 1342595 100
842 1344140 100
843 1345727 100
844 1347332 100
845 1348985 100
846 1350543 100
847 1352165 100
848 1353765 100
849 1355331 100
850 1356964 100
851 1358538 100
852 1360171 100
853 1361751 100
854 1363340 100
855 1364935 100
856 1366550 100
857 1368151 100
858 1369757 100
859 1371437 100
860 1372989 100
861 1374584 100
862 1376229 100
863 1377769 100
864 1379351 100
865 1380956 100
866 1382552 100
867 1384234 100
868 1385756 100
869 1387514 100
870 1389044 100
871 1390606 100
872 1392216 100
873 1393754 100
874 1395335 100
875 1397003 100
876 1398538 100
877 1400154 100
878 1402252 100
879 1403364 100
880 1405029 100
881 1406637 100
882 1408205 100
883 1409772 100
884 1411352 100
885 1412990 100
886 1414578 100
887 1416169 100
888 1417791 100
889 1419355 100
890 1420954 100
891 1422545 100
892 1424135 100
893 1425745 100
894 1427346 100
895 1429192 100
896 1430608 100
897 1432560 100
898 1433787 100
899 1435412 100
900 1436976 100
901 1438598 100
902 1440209 100
903 1441820 100
904 1443412 100
905 1444981 100
906 1446567 100
907 1448173 100
908 1449785 100
909 1451345 100
910 1452963 100
911 1454580 100
912 1456168 100
913 1457735 100
914 1459336 100
915 1460942 100
916 1462600 100
917 1464146 100
918 1465798 100
919 1467419 100
920 1468960 100
921 1470569 100
922 1472203 100
923 1473792 100
924 1475391 100
925 1476990 100
926 1478534 100
927 1480168 100
928 1481743 100
929 1483354 100
930 1484962 100
931 1486538 100
932 1488196 100
933 1489799 100
934 1491393 100
935 1492988 100
936 1494556 100
937 1496206 100
938 1497787 100
939 1499374 100
940 1501033 100
941 1502585 100
942 1504234 100
943 1505788 100
944 1507360 100
945 1508988 100
946 1510572 100
947 1512167 100
948 1513774 100
949 1515439 100
950 1517022 100
951 1518641 100
952 1520211 100
953 1521784 100
954 1523386 100
955 1525003 100
956 1526618 100
957 1528203 100
958 1529836 100
959 1531402 100
960 1533017 100
961 1534668 100
962 1536214 100
963 1537878 100
964 1539498 100
965 1540981 100
966 1542578 100
967 1544150 100
968 1545791 100
969 1547347 100
970 1549014 100
971 1550618 100
972 1552174 100
973 1553768 100
974 1555394 100
975 1557077 100
976 1558619 100
977 1560288 100
978 1561809 100
979 1563392 100
980 1564960 100
981 1566558 100
982 1568227 100
983 1569775 100
984 1571354 100
985 1573008 100
986 1574580 100
987 1576147 100
988 1577750 100
989 1579341 100
990 1580947 100
991 1582544 100
992 1584182 100
993 1585897 100
994 1587389 100
995 1588988 100
996 1590589 100
997 1594425 100
998 1594499 100
999 1595392 100
1000 1596966 100
1001 1598623 100
1002 1600180 100
1003 1601783 100
1004 1603376 100
1005 1604962 100
1006 1606555 100
1007 1608163 100
1008 1609756 100
1009 1611355 100
1010 1612957 100
1011 1614552 100
1012 1616213 100
1013 1617844 100
1014 1619383 100
1015 1620993 100
1016 1622585 100
1017 1624191 100
1018 1625815 100
1019 1627387 100
1020 1628973 100
1021 1630590 100
1022 1632204 100
1023 1633787 100
1024 1635438 100
1025 1637011 100
1026 1638601 100
1027 1640200 100
1028 1641830 100
1029 1643421 100
1030 1645023 100
1031 1646668 100
1032 1648246 100
1033 1649770 100
1034 1651347 100
1035 1652957 100
1036 1654564 100
1037 1656194 100
1038 1657745 100
1039 1659349 100
1040 1660946 100
1041 1662574 100
1042 1664251 100
1043 1665784 100
1044 1667367 100
1045 1668969 100
1046 1670727 100
1047 1672226 100
1048 1673802 100
1049 1675360 100
1050 1677005 100
1051 1678591 100
1052 1680205 100
1053 1681800 100
1054 1683378 100
1055 1685040 100
1056 1686611 100
1057 1688192 100
1058 1689769 100
1059 1691397 100
1060 1693059 100
1061 1694578 100
1062 1696175 100
1063 1697805 100
1064 1699413 100
1065 1701013 100
1066 1702612 100
1067 1704166 100
1068 1705745 100
1069 1707429 100
1070 1708969 100
1071 1710565 100
1072 1712149 100
1073 1713774 100
1074 1715412 100
1075 1717020 100
1076 1718587 100
1077 1720212 100
1078 1721759 100
1079 1723377 100
1080 1724947 100
1081 1726594 100
1082 1728188 100
1083 1729769 100
1084 1731479 100
1085 1733000 100
1086 1734624 100
1087 1736226 100
1088 1737825 100
1089 1739350 100
1090 1740955 100
1091 1742651 100
1092 1744252 100
1093 1745781 100
1094 1747455 100
1095 1748999 100
1096 1750631 100
1097 1752184 100
1098 1753785 100
1099 1755397 100
1100 1756988 100
1101 1758610 100
1102 1760171 100
1103 1761771 100
1104 1763364 100
1105 1765079 100
1106 1766596 100
1107 1768291 100
1108 1769847 100
1109 1771501 100
1110 1773052 100
1111 1774641 100
1112 1776193 100
1113 1777784 100
1114 1779435 100
1115 1781061 100
1116 1782643 100
1117 1784264 100
1118 1785809 100
1119 1787387 100
1120 1789029 100
1121 1790636 100
1122 1792200 100
1123 1793809 100
1124 1795447 100
1125 1797015 100
1126 1798633 100
1127 1800238 100
1128 1801863 100
1129 1803432 100
1130 1805035 100
1131 1806713 100
1132 1808243 100
1133 1810282 100
1134 1811424 100
1135 1812981 100
1136 1814599 100
1137 1816220 100
1138 1817823 100
1139 1819389 100
1140 1821000 100
1141 1822564 100
1142 1824172 100
1143 1825784 100
1144 1827370 100
1145 1828997 100
1146 1830619 100
1147 1832190 100
1148 1833803 100
1149 1835400 100
1150 1837037 100
1151 1838645 100
1152 1840206 100
1153 1841784 100
1154 1843429 100
1155 1845506 100
1156 1846703 100
1157 1848919 100
1158 1849835 100
1159 1851509 100
1160 1853026 100
1161 1854619 100
1162 1856246 100
1163 1857813 100
1164 1859470 100
1165 1861056 100
1166 1862639 100
1167 1864215 100
1168 1865872 100
1169 1867428 100
1170 1869046 100
1171 1870651 100
1172 1872876 100
1173 1873785 100
1174 1875457 100
1175 1876993 100
1176 1878645 100
1177 1880241 100
1178 1881809 100
1179 1883423 100
1180 1884984 100
1181 1886593 100
1182 1888189 100
1183 1889766 100
1184 1891363 100
1185 1892990 100
1186 1894614 100
1187 1896168 100
1188 1897790 100
1189 1899373 100
1190 1901007 100
1191 1902563 100
1192 1904242 100
1193 1905773 100
1194 1907388 100
1195 1908968 100
1196 1910564 100
1197 1912178 100
1198 1913816 100
1199 1915470 100
1200 1917002 100
1201 1918637 100
1202 1920281 100
1203 1921889 100
1204 1923490 100
1205 1925116 100
1206 1926664 100
1207 1928245 100
1208 1929891 100
1209 1931659 100
1210 1933110 100
1211 1934624 100
1212 1936233 100
1213 1937837 100
1214 1939419 100
1215 1941211 100
1216 1942573 100
1217 1944164 100
1218 1945799 100
1219 1947374 100
1220 1949021 100
1221 1950613 100
1222 1952165 100
1223 1953766 100
1224 1955376 100
1225 1956969 100
1226 1958558 100
1227 1960157 100
1228 1961760 100
1229 1963375 100
1230 1965023 100
1231 1966636 100
1232 1968210 100
1233 1969801 100
1234 1971412 100
1235 1973020 100
1236 1974568 100
1237 1976182 100
1238 1977766 100
1239 1979380 100
1240 1981017 100
1241 1982631 100
1242 1984247 100
1243 1985831 100
1244 1987388 100
1245 1988981 100
1246 1990566 100
1247 1992166 100
1248 1993757 100
1249 1995340 100
1250 1996967 100
1251 1998557 100
1252 2000188 100
1253 2001759 100
1254 2003366 100
1255 2004973 100
1256 2006570 100
1257 2008152 100
1258 2009784 100
1259 2011383 100
1260 2012991 100
1261 2014557 100
1262 2016173 100
1263 2017817 100
1264 2019384 100
1265 2020953 100
1266 2022595 100
1267 2024182 100
1268 2025770 100
1269 2027373 100
1270 2028982 100
1271 2030574 100
1272 2032183 100
1273 2033773 100
1274 2035382 100
1275 2036975 100
1276 2038572 100
1277 2040204 100
1278 2041780 100
1279 2043417 100
1280 2045018 100
1281 2046653 100
1282 2048181 100
1283 2049778 100
1284 2053046 100
1285 2053126 100
1286 2054672 100
1287 2056259 100
1288 2057856 100
1289 2059448 100
1290 2061059 100
1291 2062604 100
1292 2064281 100
1293 2065831 100
1294 2067453 100
1295 2069032 100
1296 2070634 100
1297 2072205 100
1298 2073786 100
1299 2075378 100
1300 2077007 100
1301 2078814 100
1302 2080187 100
1303 2081822 100
1304 2083430 100
1305 2084986 100
1306 2086615 100
1307 2088175 100
1308 2089772 100
1309 2091384 100
1310 2092983 100
1311 2094622 100
1312 2096215 100
1313 2097805 100
1314 2099397 100
1315 2100987 100
1316 2102639 100
1317 2104207 100
1318 2105800 100
1319 2107393 100
1320 2109028 100
1321 2110615 100
1322 2112230 100
1323 2113805 100
1324 2115427 100
1325 2117030 100
1326 2118613 100
1327 2120217 100
1328 2121806 100
1329 2123390 100
1330 2125008 100
1331 2126606 100
1332 2128182 100
1333 2129794 100
1334 2131421 100
1335 2133029 100
1336 2134624 100
1337 2136209 100
1338 2137820 100
1339 2139414 100
1340 2141000 100
1341 2142595 100
1342 2144193 100
1343 2145805 100
1344 2147467 100
1345 2151590 100
1346 2152923 100
1347 2154042 100
1348 2155195 100
1349 2156590 100
1350 2158175 100
1351 2159777 100
1352 2161423 100
1353 2162960 100
1354 2164605 100
1355 2166202 100
1356 2167751 100
1357 2169353 100
1358 2170950 100
1359 2172590 100
1360 2174311 100
1361 2175783 100
1362 2177407 100
1363 2178997 100
1364 2180635 100
1365 2182226 100
1366 2183822 100
1367 2186152 100
1368 2187312 100
1369 2188610 100
1370 2190188 100
1371 2191732 100
1372 2193302 100
1373 2194967 100
1374 2196661 100
1375 2198116 100
1376 2199720 100
1377 2201311 100
1378 2202880 100
1379 2204518 100
1380 2206151 100
1381 2207756 100
1382 2209374 100
1383 2210966 100
1384 2212557 100
1385 2214173 100
1386 2215763 100
1387 2217347 100
1388 2219087 100
1389 2220613 100
1390 2222146 100
1391 2223711 100
1392 2225301 100
1393 2226925 100
1394 2228518 100
1395 2230149 100
1396 2231680 100
1397 2233341 100
1398 2234925 100
1399 2236482 100
1400 2238072 100
1401 2239719 100
1402 2241365 100
1403 2242901 100
1404 2244530 100
1405 2246111 100
1406 2247751 100
1407 2249319 100
1408 2250903 100
1409 2252521 100
1410 2254118 100
1411 2259419 100
1412 2260550 100
1413 2261645 100
1414 2262756 100
1415 2263863 100
1416 2265011 100
1417 2266095 100
1418 2267204 100
1419 2268513 100
1420 2270080 100
1421 2271773 100
1422 2273437 100
1423 2274941 100
1424 2276530 100
1425 2278116 100
1426 2279696 100
1427 2281292 100
1428 2282891 100
1429 2284486 100
1430 2286104 100
1431 2287701 100
1432 2289304 100
1433 2290887 100
1434 2292477 100
1435 2294092 100
1436 2295689 100
1437 2297292 100
1438 2298868 100
1439 2300462 100
1440 2302090 100
1441 2303702 100
1442 2305293 100
1443 2306900 100
1444 2308489 100
1445 2310055 100
1446 2311676 100
1447 2313263 100
1448 2314854 100
1449 2316489 100
1450 2317749 100
1451 2318599 100
1452 2320222 100
1453 2321790 100
1454 2323385 100
1455 2324987 100
1456 2326584 100
1457 2328187 100
1458 2329822 100
1459 2331528 100
1460 2333065 100
1461 2334636 100
1462 2336230 100
1463 2337846 100
1464 2339449 100
1465 2341022 100
1466 2342640 100
1467 2344225 100
1468 2345801 100
1469 2351477 100
1470 2351596 100
1471 2351651 100
1472 2352238 100
1473 2353895 100
1474 2355425 100
1475 2356990 100
1476 2358574 100
1477 2360243 100
1478 2361818 100
1479 2363435 100
1480 2365014 100
1481 2366630 100
1482 2368243 100
1483 2369816 100
1484 2371391 100
1485 2373016 100
1486 2374606 100
1487 2376213 100
1488 2377827 100
1489 2379497 100
1490 2381057 100
1491 2382670 100
1492 2384275 100
1493 2385847 100
1494 2387423 100
1495 2389008 100
1496 2390586 100
1497 2392198 100
1498 2393866 100
1499 2395417 100
1500 2397044 100
1501 2399185 100
1502 2400229 100
1503 2402892 100
1504 2403425 100
1505 2404989 100
1506 2406618 100
1507 2408202 100
1508 2409799 100
1509 2411428 100
1510 2412973 100
1511 2414637 100
1512 2416198 100
1513 2417795 100
1514 2419363 100
1515 2420993 100
1516 2422567 100
1517 2424184 100
1518 2425778 100
1519 2427373 100
1520 2428979 100
1521 2430579 100
1522 2432189 100
1523 2433779 100
1524 2435399 100
1525 2437017 100
1526 2438606 100
1527 2440197 100
1528 2441767 100
1529 2443358 100
1530 2444980 100
1531 2446607 100
1532 2448237 100
1533 2449795 100
1534 2451425 100
1535 2452990 100
1536 2454646 100
1537 2456196 100
1538 2457786 100
1539 2459364 100
1540 2460986 100
1541 2462598 100
1542 2464192 100
1543 2465828 100
1544 2467430 100
1545 2469020 100
1546 2470616 100
1547 2472214 100
1548 2473806 100
1549 2475386 100
1550 2477019 100
1551 2478597 100
1552 2480200 100
1553 2481789 100
1554 2483374 100
1555 2484971 100
1556 2486579 100
1557 2488186 100
1558 2489774 100
1559 2491375 100
1560 2493031 100
1561 2494622 100
1562 2496201 100
1563 2497816 100
1564 2499465 100
1565 2501002 100
1566 2502601 100
1567 2504191 100
1568 2505795 100
1569 2507388 100
1570 2508989 100
1571 2510596 100
1572 2512198 100
1573 2513785 100
1574 2515387 100
1575 2517002 100
1576 2518589 100
1577 2520211 100
1578 2521792 100
1579 2523404 100
1580 2525005 100
1581 2526605 100
1582 2528251 100
1583 2529844 100
1584 2531459 100
1585 2533025 100
1586 2534653 100
1587 2536234 100
1588 2537832 100
1589 2539438 100
1590 2541049 100
1591 2542683 100
1592 2545303 100
1593 2545864 100
1594 2547471 100
1595 2549074 100
1596 2550662 100
1597 2552425 100
1598 2553873 100
1599 2555412 100
1600 2557067 100
1601 2558648 100
1602 2560265 100
1603 2561923 100
1604 2563441 100
1605 2564995 100
1606 2566644 100
1607 2568227 100
1608 2569833 100
1609 2571420 100
1610 2573041 100
1611 2574626 100
1612 2576195 100
1613 2577806 100
1614 2579390 100
1615 2581040 100
1616 2582616 100
1617 2584236 100
1618 2585798 100
1619 2587447 100
1620 2589046 100
1621 2590639 100
1622 2592625 100
1623 2593842 100
1624 2595401 100
1625 2597028 100
1626 2598611 100
1627 2600260 100
1628 2601873 100
1629 2603441 100
1630 2605002 100
1631 2606591 100
1632 2608193 100
1633 2609788 100
1634 2615297 100
1635 2615392 100
1636 2615455 100
1637 2616215 100
1638 2617804 100
1639 2619424 100
1640 2621026 100
1641 2622644 100
1642 2624213 100
1643 2625814 100
1644 2627400 100
1645 2629025 100
1646 2630624 100
1647 2632219 100
1648 2633857 100
1649 2635452 100
1650 2637044 100
1651 2638628 100
1652 2640253 100
1653 2641834 100
1654 2643480 100
1655 2645041 100
1656 2646641 100
1657 2648236 100
1658 2649870 100
1659 2651431 100
1660 2653028 100
1661 2654618 100
1662 2656228 100
1663 2657825 100
1664 2659441 100
1665 2661041 100
1666 2662643 100
1667 2664242 100
1668 2665870 100
1669 2667469 100
1670 2669055 100
1671 2670668 100
1672 2672258 100
1673 2673873 100
1674 2675453 100
1675 2677034 100
1676 2678663 100
1677 2680275 100
1678 2681881 100
1679 2683499 100
1680 2685035 100
1681 2686641 100
1682 2688231 100
1683 2689832 100
1684 2691402 100
1685 2693000 100
1686 2694662 100
1687 2696241 100
1688 2697857 100
1689 2699457 100
1690 2701041 100
1691 2702635 100
1692 2704232 100
1693 2705844 100
1694 2707432 100
1695 2709058 100
1696 2710718 100
1697 2712271 100
1698 2713886 100
1699 2715452 100
1700 2717014 100
1701 2718624 100
1702 2720228 100
1703 2721823 100
1704 2723398 100
1705 2725019 100
1706 2726639 100
1707 2728235 100
1708 2729815 100
1709 2731400 100
1710 2733054 100
1711 2734642 100
1712 2736232 100
1713 2737863 100
1714 2739457 100
1715 2741056 100
1716 2742693 100
1717 2744255 100
1718 2745835 100
1719 2747428 100
1720 2749046 100
1721 2750647 100
1722 2752253 100
1723 2753824 100
1724 2755431 100
1725 2757059 100
1726 2758660 100
1727 2760258 100
1728 2761847 100
1729 2763465 100
1730 2765066 100
1731 2766670 100
1732 2768224 100
1733 2769853 100
1734 2771460 100
1735 2773036 100
1736 2774644 100
1737 2776237 100
1738 2777837 100
1739 2779476 100
1740 2781047 100
1741 2782670 100
1742 2784229 100
1743 2785821 100
1744 2787444 100
1745 2789045 100
1746 2790627 100
1747 2792239 100
1748 2793804 100
1749 2795412 100
1750 2797030 100
1751 2798618 100
1752 2800219 100
1753 2801873 100
1754 2803465 100
1755 2805025 100
1756 2806626 100
1757 2808259 100
1758 2809835 100
1759 2811471 100
1760 2813040 100
1761 2814652 100
1762 2816238 100
1763 2817824 100
1764 2819469 100
1765 2821025 100
1766 2822628 100
1767 2824222 100
1768 2825840 100
1769 2827471 100
1770 2829059 100
1771 2830629 100
1772 2832217 100
1773 2833807 100
1774 2835411 100
1775 2837004 100
1776 2838624 100
1777 2840222 100
1778 2841855 100
1779 2843425 100
1780 2845015 100
1781 2846621 100
1782 2848238 100
1783 2849845 100
1784 2851460 100
1785 2853042 100
1786 2854638 100
1787 2856251 100
1788 2857830 100
1789 2859447 100
1790 2861043 100
1791 2862630 100
1792 2864237 100
1793 2865821 100
1794 2867428 100
1795 2869004 100
1796 2870602 100
1797 2872264 100
1798 2873851 100
1799 2875456 100
1800 2877066 100
1801 2878635 100
1802 2880242 100
1803 2881871 100
1804 2883469 100
1805 2885044 100
1806 2886619 100
1807 2888266 100
1808 2889830 100
1809 2891453 100
1810 2893063 100
1811 2894661 100
1812 2896259 100
1813 2897858 100
1814 2899475 100
1815 2901027 100
1816 2902640 100
1817 2904289 100
1818 2905880 100
1819 2907490 100
1820 2909063 100
1821 2910638 100
1822 2912238 100
1823 2913823 100
1824 2915421 100
1825 2917015 100
1826 2918632 100
1827 2920226 100
1828 2921838 100
1829 2923441 100
1830 2925029 100
1831 2926626 100
1832 2928231 100
1833 2929876 100
1834 2931475 100
1835 2933044 100
1836 2934657 100
1837 2936250 100
1838 2937827 100
1839 2939434 100
1840 2941037 100
1841 2942631 100
1842 2944237 100
1843 2945836 100
1844 2947459 100
1845 2949105 100
1846 2950696 100
1847 2952276 100
1848 2953837 100
1849 2955467 100
1850 2957040 100
1851 2958640 100
1852 2960251 100
1853 2961869 100
1854 2963461 100
1855 2965098 100
1856 2966704 100
1857 2968254 100
1858 2969855 100
1859 2971451 100
1860 2973047 100
1861 2974668 100
1862 2976265 100
1863 2977853 100
1864 2979438 100
1865 2981030 100
1866 2982625 100
1867 2984263 100
1868 2985868 100
1869 2987470 100
1870 2989073 100
1871 2990650 100
1872 2992255 100
1873 2993858 100
1874 2995476 100
1875 2997052 100
1876 2998647 100
1877 3000255 100
1878 3001866 100
1879 3003483 100
1880 3005068 100
1881 3006668 100
1882 3008354 100
1883 3009886 100
1884 3011513 100
1885 3013058 100
1886 3014667 100
1887 3016286 100
1888 3017886 100
1889 3019453 100
1890 3021066 100
1891 3022651 100
1892 3024245 100
1893 3025853 100
1894 3027446 100
1895 3029034 100
1896 3030671 100
1897 3032269 100
1898 3033858 100
1899 3035496 100
1900 3037075 100
1901 3038676 100
1902 3040266 100
1903 3041865 100
1904 3043506 100
1905 3045058 100
1906 3046670 100
1907 3048250 100
1908 3049854 100
1909 3051445 100
1910 3053021 100
1911 3054640 100
1912 3056242 100
1913 3057855 100
1914 3059472 100
1915 3061042 100
1916 3062638 100
1917 3064237 100
1918 3065854 100
1919 3067460 100
1920 3069058 100
1921 3070656 100
1922 3072253 100
1923 3073879 100
1924 3075491 100
1925 3077079 100
1926 3078646 100
1927 3080259 100
1928 3081854 100
1929 3083487 100
1930 3085079 100
1931 3086675 100
1932 3088281 100
1933 3089876 100
1934 3091494 100
1935 3093079 100
1936 3094677 100
1937 3096275 100
1938 3097874 100
1939 3099473 100
1940 3101075 100
1941 3102673 100
1942 3104282 100
1943 3105858 100
1944 3107455 100
1945 3109059 100
1946 3110652 100
1947 3112231 100
1948 3113842 100
1949 3115487 100
1950 3117105 100
1951 3118694 100
1952 3120259 100
1953 3121867 100
1954 3123470 100
1955 3125049 100
1956 3126642 100
1957 3128266 100
1958 3129856 100
1959 3131461 100
1960 3133100 100
1961 3134721 100
1962 3136289 100
1963 3137852 100
1964 3139457 100
1965 3141089 100
1966 3142697 100
1967 3144268 100
1968 3145862 100
1969 3147475 100
1970 3149059 100
1971 3150715 100
1972 3152280 100
1973 3153906 100
1974 3155515 100
1975 3157087 100
1976 3158696 100
1977 3160353 100
1978 3161853 100
1979 3163466 100
1980 3165037 100
1981 3166679 100
1982 3168276 100
1983 3169864 100
1984 3171483 100
1985 3173042 100
1986 3174660 100
1987 3176264 100
1988 3177850 100
1989 3179487 100
1990 3181063 100
1991 3182652 100
1992 3184258 100
1993 3185880 100
1994 3187507 100
1995 3189057 100
1996 3190650 100
1997 3192253 100
1998 3193857 100
1999 3195451 100
2000 3197067 100
2001 3198675 100
2002 3200287 100
2003 3201861 100
2004 3203449 100
2005 3205059 100
2006 3206640 100
2007 3208262 100
2008 3209901 100
2009 3211474 100
2010 3213048 100
2011 3214650 100
2012 3216239 100
2013 3217865 100
2014 3219513 100
2015 3221080 100
2016 3222677 100
2017 3224275 100
2018 3225892 100
2019 3227504 100
2020 3229112 100
2021 3230655 100
2022 3232292 100
2023 3233859 100
2024 3235472 100
2025 3237052 100
2026 3238649 100
2027 3240268 100
2028 3241873 100
2029 3243493 100
2030 3245078 100
2031 3246694 100
2032 3248277 100
2033 3249893 100
2034 3251516 100
2035 3253092 100
2036 3254672 100
2037 3256283 100
2038 3257870 100
2039 3259499 100
2040 3261055 100
2041 3262658 100
2042 3264299 100
2043 3265883 100
2044 3267488 100
2045 3269092 100
2046 3270689 100
2047 3272286 100
2048 3273911 100
2049 3275498 100
2050 3277102 100
2051 3278688 100
2052 3280297 100
2053 3281903 100
2054 3283503 100
2055 3285103 100
2056 3286698 100
2057 3288297 100
2058 3289876 100
2059 3291472 100
2060 3293090 100
2061 3294653 100
2062 3296244 100
2063 3297865 100
2064 3299462 100
2065 3301094 100
2066 3302695 100
2067 3304282 100
2068 3305895 100
2069 3307498 100
2070 3309059 100
2071 3310696 100
2072 3312295 100
2073 3313894 100
2074 3315499 100
2075 3317067 100
2076 3318708 100
2077 3320269 100
2078 3321935 100
2079 3323498 100
2080 3325081 100
2081 3326687 100
2082 3328310 100
2083 3329915 100
2084 3331492 100
2085 3333084 100
2086 3334691 100
2087 3336294 100
2088 3337917 100
2089 3339495 100
2090 3341074 100
2091 3342689 100
2092 3344290 100
2093 3345890 100
2094 3347497 100
2095 3349087 100
2096 3350696 100
2097 3352284 100
2098 3353882 100
2099 3355483 100
2100 3357111 100
2101 3358715 100
2102 3360300 100
2103 3361890 100
2104 3363532 100
2105 3365168 100
2106 3367935 100
2107 3368308 100
2108 3369867 100
2109 3371476 100
2110 3373074 100
2111 3374679 100
2112 3376276 100
2113 3377880 100
2114 3379490 100
2115 3381153 100
2116 3382699 100
2117 3384306 100
2118 3385882 100
2119 3387498 100
2120 3389087 100
2121 3390674 100
2122 3392285 100
2123 3393882 100
2124 3395471 100
2125 3397133 100
2126 3398695 100
2127 3400342 100
2128 3401880 100
2129 3403468 100
2130 3405067 100
2131 3406665 100
2132 3408278 100
2133 3409924 100
2134 3411512 100
2135 3413072 100
2136 3414735 100
2137 3416325 100
2138 3417912 100
2139 3419516 100
2140 3421056 100
2141 3422645 100
2142 3424265 100
2143 3425852 100
2144 3427474 100
2145 3429052 100
2146 3430689 100
2147 3432294 100
2148 3433854 100
2149 3435503 100
2150 3437094 100
2151 3438641 100
2152 3440240 100
2153 3442429 100
2154 3443557 100
2155 3445130 100
2156 3446671 100
2157 3448249 100
2158 3449871 100
2159 3451506 100
2160 3453099 100
2161 3454686 100
2162 3456312 100
2163 3457889 100
2164 3459504 100
2165 3461112 100
2166 3462709 100
2167 3464279 100
2168 3465896 100
2169 3467513 100
2170 3469084 100
2171 3470706 100
2172 3472313 100
2173 3473914 100
2174 3475474 100
2175 3477106 100
2176 3478704 100
2177 3480357 100
2178 3481897 100
2179 3483505 100
2180 3485067 100
2181 3486687 100
2182 3488275 100
2183 3489881 100
2184 3491460 100
2185 3493070 100
2186 3494671 100
2187 3496265 100
2188 3497866 100
2189 3499469 100
2190 3501072 100
2191 3502667 100
2192 3504278 100
2193 3505882 100
2194 3507459 100
2195 3509074 100
2196 3510671 100
2197 3512263 100
2198 3513847 100
2199 3515492 100
2200 3517095 100
2201 3518691 100
2202 3520295 100
2203 3521888 100
2204 3523481 100
2205 3525064 100
2206 3526657 100
2207 3528288 100
2208 3529868 100
2209 3531487 100
2210 3533074 100
2211 3534671 100
2212 3536317 100
2213 3537864 100
2214 3539496 100
2215 3541063 100
2216 3542667 100
2217 3544252 100
2218 3545853 100
2219 3547504 100
2220 3549091 100
2221 3550660 100
2222 3552253 100
2223 3553859 100
2224 3555506 100
2225 3557084 100
2226 3558666 100
2227 3560260 100
2228 3561857 100
2229 3563473 100
2230 3565077 100
2231 3566678 100
2232 3568251 100
2233 3569886 100
2234 3571535 100
2235 3573107 100
2236 3574703 100
2237 3576289 100
2238 3577885 100
2239 3579509 100
2240 3581111 100
2241 3582712 100
2242 3584331 100
2243 3585918 100
2244 3587512 100
2245 3589117 100
2246 3590728 100
2247 3592326 100
2248 3594002 100
2249 3595468 100
2250 3597107 100
2251 3598703 100
2252 3600297 100
2253 3601894 100
2254 3603511 100
2255 3605118 100
2256 3606697 100
2257 3608328 100
2258 3609893 100
2259 3611500 100
2260 3613097 100
2261 3614695 100
2262 3616301 100
2263 3617905 100
2264 3619491 100
2265 3621095 100
2266 3622698 100
2267 3624286 100
2268 3626134 100
2269 3627545 100
2270 3629131 100
2271 3630710 100
2272 3632299 100
2273 3633899 100
2274 3635542 100
2275 3637129 100
2276 3638779 100
2277 3640364 100
2278 3641935 100
2279 3643534 100
2280 3645137 100
2281 3646779 100
2282 3648348 100
2283 3649932 100
2284 3651518 100
2285 3653088 100
2286 3654685 100
2287 3656291 100
2288 3657930 100
2289 3659514 100
2290 3661114 100
2291 3662707 100
2292 3664314 100
2293 3665891 100
2294 3667490 100
2295 3669076 100
2296 3670670 100
2297 3672276 100
2298 3673899 100
2299 3675485 100
2300 3677092 100
2301 3678689 100
2302 3680290 100
2303 3681912 100
2304 3683522 100
2305 3685089 100
2306 3686680 100
2307 3688335 100
2308 3689896 100
2309 3691475 100
2310 3693083 100
2311 3694668 100
2312 3696281 100
2313 3697887 100
2314 3699525 100
2315 3701082 100
2316 3702681 100
2317 3704274 100
2318 3705863 100
2319 3707470 100
2320 3709067 100
2321 3710686 100
2322 3712299 100
2323 3713887 100
2324 3715504 100
2325 3717086 100
2326 3718664 100
2327 3720275 100
2328 3721871 100
2329 3723469 100
2330 3725095 100
2331 3726690 100
2332 3728325 100
2333 3729889 100
2334 3731537 100
2335 3733094 100
2336 3734689 100
2337 3736292 100
2338 3737885 100
2339 3739513 100
2340 3741086 100
2341 3742685 100
2342 3744287 100
2343 3745906 100
2344 3747505 100
2345 3749080 100
2346 3750695 100
2347 3752290 100
2348 3753894 100
2349 3755521 100
2350 3757083 100
2351 3758701 100
2352 3760299 100
2353 3761900 100
2354 3763504 100
2355 3765079 100
2356 3766700 100
2357 3768294 100
2358 3769885 100
2359 3771525 100
2360 3773099 100
2361 3774704 100
2362 3776302 100
2363 3777884 100
2364 3779487 100
2365 3781081 100
2366 3782681 100
2367 3784307 100
2368 3785904 100
2369 3787511 100
2370 3789110 100
2371 3790727 100
2372 3792310 100
2373 3793937 100
2374 3795533 100
2375 3797134 100
2376 3798732 100
2377 3800324 100
2378 3801904 100
2379 3803499 100
2380 3805092 100
2381 3806694 100
2382 3808312 100
2383 3809931 100
2384 3811537 100
2385 3813122 100
2386 3814702 100
2387 3816320 100
2388 3817906 100
2389 3819511 100
2390 3821155 100
2391 3822709 100
2392 3824309 100
2393 3825936 100
2394 3827516 100
2395 3829134 100
2396 3830737 100
2397 3832336 100
2398 3833909 100
2399 3835538 100
2400 3837134 100
2401 3838695 100
2402 3840298 100
2403 3841905 100
2404 3843530 100
2405 3845128 100
2406 3846715 100
2407 3848332 100
2408 3849926 100
2409 3851537 100
2410 3853129 100
2411 3854724 100
2412 3856334 100
2413 3857915 100
2414 3859535 100
2415 3861114 100
2416 3862702 100
2417 3864300 100
2418 3865929 100
2419 3867526 100
2420 3869107 100
2421 3870693 100
2422 3872326 100
2423 3873959 100
2424 3875589 100
2425 3877111 100
2426 3878728 100
2427 3880315 100
2428 3881924 100
2429 3883514 100
2430 3885119 100
2431 3886719 100
2432 3888316 100
2433 3889907 100
2434 3891529 100
2435 3893102 100
2436 3894767 100
2437 3896371 100
2438 3897915 100
2439 3899518 100
2440 3901111 100
2441 3902770 100
2442 3904357 100
2443 3905948 100
2444 3907525 100
2445 3909132 100
2446 3910720 100
2447 3912362 100
2448 3913935 100
2449 3915572 100
2450 3917166 100
2451 3918711 100
2452 3920345 100
2453 3921900 100
2454 3923502 100
2455 3925131 100
2456 3926739 100
2457 3928345 100
2458 3929910 100
2459 3931507 100
2460 3933100 100
2461 3934694 100
2462 3936318 100
2463 3937901 100
2464 3939498 100
2465 3941099 100
2466 3942705 100
2467 3944333 100
2468 3945913 100
2469 3947524 100
2470 3949126 100
2471 3950727 100
2472 3952306 100
2473 3953913 100
2474 3955502 100
2475 3957091 100
2476 3958700 100
2477 3960296 100
2478 3961909 100
2479 3963538 100
2480 3965206 100
2481 3966803 100
2482 3968319 100
2483 3969940 100
2484 3971558 100
2485 3973137 100
2486 3974743 100
2487 3976341 100
2488 3977936 100
2489 3979532 100
2490 3981113 100
2491 3982782 100
2492 3984341 100
2493 3985944 100
2494 3987537 100
2495 3989148 100
2496 3990768 100
2497 3992364 100
2498 3993955 100
2499 3995554 100
2500 3997140 100
2501 3998779 100
2502 4003080 100
2503 4003137 100
2504 4003530 100
2505 4005117 100
2506 4006713 100
2507 4008326 100
2508 4009928 100
2509 4011518 100
2510 4013106 100
2511 4014771 100
2512 4016332 100
2513 4017918 100
2514 4019504 100
2515 4021127 100
2516 4022711 100
2517 4024294 100
2518 4025969 100
2519 4027536 100
2520 4029122 100
2521 4030734 100
2522 4032334 100
2523 4033932 100
2524 4035535 100
2525 4037129 100
2526 4038708 100
2527 4040334 100
2528 4041963 100
2529 4043522 100
2530 4045130 100
2531 4046724 100
2532 4048347 100
2533 4049934 100
2534 4051560 100
2535 4053607 100
2536 4054715 100
2537 4056324 100
2538 4057907 100
2539 4059614 100
2540 4061136 100
2541 4062719 100
2542 4064359 100
2543 4065994 100
2544 4067542 100
2545 4069136 100
2546 4070735 100
2547 4072324 100
2548 4073937 100
2549 4075532 100
2550 4077132 100
2551 4078713 100
2552 4080361 100
2553 4081930 100
2554 4083538 100
2555 4085123 100
2556 4086730 100
2557 4088371 100
2558 4089956 100
2559 4091530 100
2560 4093160 100
2561 4094727 100
2562 4096327 100
2563 4097915 100
2564 4099534 100
2565 4101179 100
2566 4102839 100
2567 4104352 100
2568 4105927 100
2569 4107556 100
2570 4109171 100
2571 4111309 100
2572 4112634 100
2573 4114023 100
2574 4115584 100
2575 4117200 100
2576 4118773 100
2577 4120366 100
2578 4121964 100
2579 4123673 100
2580 4125126 100
2581 4126731 100
2582 4128349 100
2583 4129921 100
2584 4132196 100
2585 4133202 100
2586 4134798 100
2587 4136422 100
2588 4138398 100
2589 4139605 100
2590 4141724 100
2591 4142833 100
2592 4144410 100
2593 4146192 100
2594 4147804 100
2595 4149174 100
2596 4155687 100
2597 4155742 100
2598 4155757 100
2599 4155772 100
2600 4157148 100
2601 4158746 100
2602 4160371 100
2603 4161943 100
2604 4163555 100
2605 4165162 100
2606 4166789 100
2607 4168352 100
2608 4169962 100
2609 4171572 100
2610 4173124 100
2611 4174714 100
2612 4176308 100
2613 4177925 100
2614 4179552 100
2615 4181197 100
2616 4182782 100
2617 4184378 100
2618 4185973 100
2619 4187578 100
2620 4189179 100
2621 4190774 100
2622 4192349 100
2623 4193992 100
2624 4195554 100
2625 4197156 100
2626 4198781 100
2627 4200370 100
2628 4201939 100
2629 4203544 100
2630 4205149 100
2631 4206731 100
2632 4208336 100
2633 4209937 100
2634 4211550 100
2635 4213170 100
2636 4214764 100
2637 4216338 100
2638 4217964 100
2639 4219593 100
2640 4221196 100
2641 4222767 100
2642 4224461 100
2643 4225983 100
2644 4227573 100
2645 4229142 100
2646 4230734 100
2647 4232355 100
2648 4233985 100
2649 4235605 100
2650 4237179 100
2651 4238760 100
2652 4240365 100
2653 4241970 100
2654 4243580 100
2655 4245147 100
2656 4246787 100
2657 4248379 100
2658 4249979 100
2659 4251576 100
2660 4253185 100
2661 4254772 100
2662 4256370 100
2663 4257935 100
2664 4259569 100
2665 4261175 100
2666 4262749 100
2667 4264334 100
2668 4265926 100
2669 4267532 100
2670 4269134 100
2671 4270728 100
2672 4272329 100
2673 4273913 100
2674 4275533 100
2675 4277123 100
2676 4278775 100
2677 4280440 100
2678 4282019 100
2679 4283581 100
2680 4285183 100
2681 4286747 100
2682 4288352 100
2683 4289945 100
2684 4291567 100
2685 4293176 100
2686 4294742 100
2687 4296391 100
2688 4297994 100
2689 4299556 100
2690 4301147 100
2691 4302765 100
2692 4304333 100
2693 4305979 100
2694 4308020 100
2695 4309139 100
2696 4310751 100
2697 4312344 100
2698 4314686 100
2699 4315577 100
2700 4317194 100
2701 4318795 100
2702 4320449 100
2703 4321946 100
2704 4323544 100
2705 4325176 100
2706 4326775 100
2707 4328379 100
2708 4329963 100
2709 4331561 100
2710 4333186 100
2711 4334795 100
2712 4336401 100
2713 4338010 100
2714 4340123 100
2715 4341208 100
2716 4342766 100
2717 4344410 100
2718 4345965 100
2719 4347614 100
2720 4349171 100
2721 4350768 100
2722 4352411 100
2723 4353949 100
2724 4355554 100
2725 4357231 100
2726 4358808 100
2727 4360347 100
2728 4361958 100
2729 4363552 100
2730 4365177 100
2731 4366776 100
2732 4368448 100
2733 4370007 100
2734 4371521 100
2735 4373129 100
2736 4374746 100
2737 4376371 100
2738 4377952 100
2739 4379573 100
2740 4381159 100
2741 4382767 100
2742 4384371 100
2743 4385956 100
2744 4387553 100
2745 4389163 100
2746 4390745 100
2747 4392331 100
2748 4393958 100
2749 4395607 100
2750 4397195 100
2751 4398770 100
2752 4400347 100
2753 4401976 100
2754 4403558 100
2755 4405178 100
2756 4406761 100
2757 4408344 100
2758 4409975 100
2759 4411553 100
2760 4413197 100
2761 4414774 100
2762 4416376 100
2763 4418012 100
2764 4419563 100
2765 4421163 100
2766 4422754 100
2767 4424382 100
2768 4425993 100
2769 4427602 100
2770 4429185 100
2771 4430768 100
2772 4432358 100
2773 4433963 100
2774 4435556 100
2775 4437179 100
2776 4438762 100
2777 4440383 100
2778 4441961 100
2779 4443543 100
2780 4445174 100
2781 4446777 100
2782 4448414 100
2783 4450081 100
2784 4451636 100
2785 4453249 100
2786 4454777 100
2787 4456422 100
2788 4458068 100
2789 4459601 100
2790 4461224 100
2791 4462836 100
2792 4464427 100
2793 4465962 100
2794 4467553 100
2795 4469200 100
2796 4470750 100
2797 4472348 100
2798 4473953 100
2799 4475538 100
2800 4477170 100
2801 4478739 100
2802 4480391 100
2803 4481949 100
2804 4483588 100
2805 4485191 100
2806 4486786 100
2807 4488368 100
2808 4490001 100
2809 4491589 100
2810 4493196 100
2811 4494758 100
2812 4496395 100
2813 4497979 100
2814 4499589 100
2815 4501175 100
2816 4502793 100
2817 4504372 100
2818 4505969 100
2819 4507559 100
2820 4509133 100
2821 4510747 100
2822 4512379 100
2823 4513970 100
2824 4515557 100
2825 4517176 100
2826 4518802 100
2827 4520372 100
2828 4521986 100
2829 4523651 100
2830 4525202 100
2831 4526768 100
2832 4528347 100
2833 4529959 100
2834 4531617 100
2835 4533203 100
2836 4534774 100
2837 4536436 100
2838 4537966 100
2839 4539561 100
2840 4541183 100
2841 4542750 100
2842 4544347 100
2843 4545963 100
2844 4547599 100
2845 4549209 100
2846 4550770 100
2847 4552394 100
2848 4553962 100
2849 4555548 100
2850 4557166 100
2851 4558742 100
2852 4560364 100
2853 4561934 100
2854 4563633 100
2855 4565185 100
2856 4566792 100
2857 4568374 100
2858 4569968 100
2859 4571575 100
2860 4573179 100
2861 4574754 100
2862 4576389 100
2863 4578017 100
2864 4579596 100
2865 4581194 100
2866 4582812 100
2867 4584388 100
2868 4586011 100
2869 4587647 100
2870 4589202 100
2871 4590795 100
2872 4592380 100
2873 4593983 100
2874 4595629 100
2875 4597193 100
2876 4598777 100
2877 4600376 100
2878 4602020 100
2879 4603645 100
2880 4605203 100
2881 4606766 100
2882 4608374 100
2883 4609983 100
2884 4611621 100
2885 4613193 100
2886 4614830 100
2887 4616425 100
2888 4618055 100
2889 4623434 100
2890 4623513 100
2891 4623534 100
2892 4624422 100
2893 4625967 100
2894 4627582 100
2895 4629211 100
2896 4630787 100
2897 4632377 100
2898 4633964 100
2899 4635576 100
2900 4637173 100
2901 4638760 100
2902 4640379 100
2903 4641956 100
2904 4643555 100
2905 4645191 100
2906 4646801 100
2907 4648415 100
2908 4650015 100
2909 4651579 100
2910 4653177 100
2911 4654779 100
2912 4656382 100
2913 4657979 100
2914 4659585 100
2915 4661162 100
2916 4662766 100
2917 4664378 100
2918 4665973 100
2919 4667590 100
2920 4669169 100
2921 4670767 100
2922 4672375 100
2923 4673968 100
2924 4675568 100
2925 4677208 100
2926 4678808 100
2927 4680393 100
2928 4681982 100
2929 4683571 100
2930 4685166 100
2931 4686774 100
2932 4688384 100
2933 4689967 100
2934 4691557 100
2935 4693155 100
2936 4694782 100
2937 4696373 100
2938 4698002 100
2939 4699612 100
2940 4701933 100
2941 4702766 100
2942 4704388 100
2943 4705992 100
2944 4707638 100
2945 4709227 100
2946 4710863 100
2947 4712389 100
2948 4713980 100
2949 4715583 100
2950 4717175 100
2951 4718783 100
2952 4720374 100
2953 4721961 100
2954 4723599 100
2955 4725168 100
2956 4726806 100
2957 4728409 100
2958 4729984 100
2959 4731628 100
2960 4733177 100
2961 4734813 100
2962 4736411 100
2963 4738004 100
2964 4739604 100
2965 4741188 100
2966 4742814 100
2967 4744435 100
2968 4746027 100
2969 4747581 100
2970 4749183 100
2971 4750780 100
2972 4752393 100
2973 4753982 100
2974 4755587 100
2975 4757195 100
2976 4758782 100
2977 4760376 100
2978 4761994 100
2979 4763645 100
2980 4765239 100
2981 4766853 100
2982 4768548 100
2983 4770051 100
2984 4771711 100
2985 4773251 100
2986 4774913 100
2987 4776447 100
2988 4777998 100
2989 4779603 100
2990 4781818 100
2991 4782872 100
2992 4784441 100
2993 4785991 100
2994 4787588 100
2995 4789189 100
2996 4790784 100
2997 4792400 100
2998 4794009 100
2999 4795607 100
3000 4797202 100
3001 4798796 100
3002 4800395 100
3003 4801984 100
3004 4803758 100
3005 4805192 100
3006 4806878 100
3007 4808428 100
3008 4810039 100
3009 4811588 100
3010 4813205 100
3011 4814827 100
3012 4816428 100
3013 4817996 100
3014 4819584 100
3015 4821180 100
3016 4822784 100
3017 4824371 100
3018 4825967 100
3019 4827794 100
3020 4829207 100
3021 4830841 100
3022 4832427 100
3023 4834026 100
3024 4835620 100
3025 4837203 100
3026 4838783 100
3027 4840377 100
3028 4841994 100
3029 4843611 100
3030 4845220 100
3031 4846931 100
3032 4848644 100
3033 4850021 100
3034 4851633 100
3035 4853193 100
3036 4854773 100
3037 4856376 100
3038 4857991 100
3039 4859606 100
3040 4861193 100
3041 4862795 100
3042 4864421 100
3043 4866043 100
3044 4867648 100
3045 4869264 100
3046 4870821 100
3047 4872424 100
3048 4874045 100
3049 4875680 100
3050 4877289 100
3051 4878909 100
3052 4880443 100
3053 4882080 100
3054 4883686 100
3055 4885258 100
3056 4886887 100
3057 4888447 100
3058 4890039 100
3059 4891661 100
3060 4893267 100
3061 4894814 100
3062 4896405 100
3063 4898013 100
3064 4899627 100
3065 4901225 100
3066 4902834 100
3067 4905258 100
3068 4906043 100
3069 4908471 100
3070 4909260 100
3071 4910995 100
3072 4912435 100
3073 4914033 100
3074 4915654 100
3075 4917248 100
3076 4918817 100
3077 4920405 100
3078 4921979 100
3079 4923578 100
3080 4925216 100
3081 4926799 100
3082 4928390 100
3083 4930012 100
3084 4931611 100
3085 4933202 100
3086 4934804 100
3087 4936397 100
3088 4937986 100
3089 4939587 100
3090 4941181 100
3091 4942783 100
3092 4944393 100
3093 4945998 100
3094 4947640 100
3095 4949227 100
3096 4950791 100
3097 4952395 100
3098 4954045 100
3099 4955606 100
3100 4957197 100
3101 4958806 100
3102 4960403 100
3103 4961988 100
3104 4963623 100
3105 4965226 100
3106 4966810 100
3107 4968396 100
3108 4970001 100
3109 4971598 100
3110 4973199 100
3111 4975424 100
3112 4977353 100
3113 4978058 100
3114 4981692 100
3115 4981781 100
3116 4982871 100
3117 4984874 100
3118 4986202 100
3119 4987646 100
3120 4989211 100
3121 4990855 100
3122 4992432 100
3123 4994045 100
3124 4995652 100
3125 4997230 100
3126 4998847 100
3127 5000438 100
3128 5002030 100
3129 5003612 100
3130 5005216 100
3131 5006836 100
3132 5008427 100
3133 5009996 100
3134 5013538 100
3135 5013632 100
3136 5014865 100
3137 5050697 100
3138 5051871 100
3139 5052962 100
3140 5054062 100
3141 5055214 100
3142 5056380 100
3143 5057648 100
3144 5058797 100
3145 5059964 100
3146 5061051 100
3147 5062734 100
3148 5063860 100
3149 5064831 100
3150 5065937 100
3151 5067042 100
3152 5068154 100
3153 5069260 100
3154 5070397 100
3155 5071471 100
3156 5072580 100
3157 5073684 100
3158 5074794 100
3159 5076299 100
3160 5077889 100
3161 5079459 100
3162 5081013 100
3163 5082615 100
3164 5084210 100
3165 5085849 100
3166 5087477 100
3167 5089056 100
3168 5090617 100
3169 5092198 100
3170 5093796 100
3171 5095425 100
3172 5097021 100
3173 5098609 100
3174 5100209 100
3175 5101811 100
3176 5103456 100
3177 5105027 100
3178 5106624 100
3179 5108214 100
3180 5109807 100
3181 5111404 100
3182 5113024 100
3183 5114639 100
3184 5116242 100
3185 5117856 100
3186 5119465 100
3187 5121037 100
3188 5122639 100
3189 5124247 100
3190 5126095 100
3191 5127663 100
3192 5129275 100
3193 5130840 100
3194 5132453 100
3195 5134081 100
3196 5135651 100
3197 5137277 100
3198 5138833 100
3199 5140432 100
3200 5142072 100
3201 5143657 100
3202 5145253 100
3203 5146842 100
3204 5148432 100
3205 5150043 100
3206 5151625 100
3207 5153255 100
3208 5154855 100
3209 5156439 100
3210 5158050 100
3211 5159648 100
3212 5161254 100
3213 5162877 100
3214 5164489 100
3215 5166093 100
3216 5167665 100
3217 5169234 100
3218 5170860 100
3219 5172473 100
3220 5174050 100
3221 5175648 100
3222 5177220 100
3223 5178837 100
3224 5180478 100
3225 5182088 100
3226 5183663 100
3227 5185276 100
3228 5186875 100
3229 5188472 100
3230 5190097 100
3231 5191708 100
3232 5193310 100
3233 5194891 100
3234 5196463 100
3235 5198053 100
3236 5199665 100
3237 5201294 100
3238 5202841 100
3239 5204474 100
3240 5206097 100
3241 5207692 100
3242 5209228 100
3243 5210843 100
3244 5212474 100
3245 5214070 100
3246 5215676 100
3247 5217297 100
3248 5218883 100
3249 5220464 100
3250 5222076 100
3251 5223672 100
3252 5225231 100
3253 5226835 100
3254 5228439 100
3255 5230054 100
3256 5231656 100
3257 5233281 100
3258 5234900 100
3259 5236441 100
3260 5238034 100
3261 5239677 100
3262 5241255 100
3263 5242832 100
3264 5244455 100
3265 5246065 100
3266 5247653 100
3267 5249259 100
3268 5250851 100
3269 5252454 100
3270 5254073 100
3271 5255671 100
3272 5257265 100
3273 5258880 100
3274 5260457 100
3275 5262046 100
3276 5263678 100
3277 5265262 100
3278 5266870 100
3279 5268454 100
3280 5270058 100
3281 5271671 100
3282 5273263 100
3283 5274853 100
3284 5276496 100
3285 5278062 100
3286 5279675 100
3287 5281262 100
3288 5282862 100
3289 5284472 100
3290 5286109 100
3291 5287707 100
3292 5289311 100
3293 5290872 100
3294 5292503 100
3295 5294086 100
3296 5295666 100
3297 5297287 100
3298 5298918 100
3299 5300499 100
3300 5302109 100
3301 5303669 100
3302 5305312 100
3303 5306850 100
3304 5308430 100
3305 5310051 100
3306 5311702 100
3307 5313284 100
3308 5314873 100
3309 5316474 100
3310 5318065 100
3311 5319678 100
3312 5321254 100
3313 5322855 100
3314 5324454 100
3315 5326119 100
3316 5327645 100
3317 5329232 100
3318 5330839 100
3319 5332455 100
3320 5334047 100
3321 5335644 100
3322 5337268 100
3323 5338872 100
3324 5340449 100
3325 5342046 100
3326 5343652 100
3327 5345287 100
3328 5346843 100
3329 5348434 100
3330 5350041 100
3331 5351695 100
3332 5353258 100
3333 5354847 100
3334 5356429 100
3335 5358028 100
3336 5359671 100
3337 5361290 100
3338 5362853 100
3339 5364445 100
3340 5366065 100
3341 5367654 100
3342 5369287 100
3343 5370858 100
3344 5372496 100
3345 5374084 100
3346 5375669 100
3347 5377302 100
3348 5378895 100
3349 5380472 100
3350 5382071 100
3351 5383691 100
3352 5385263 100
3353 5386827 100
3354 5388430 100
3355 5390031 100
3356 5391659 100
3357 5393259 100
3358 5394854 100
3359 5396450 100
3360 5398047 100
3361 5399647 100
3362 5401249 100
3363 5402911 100
3364 5404498 100
3365 5406099 100
3366 5407672 100
3367 5409283 100
3368 5410881 100
3369 5412486 100
3370 5414099 100
3371 5415705 100
3372 5417298 100
3373 5418877 100
