1 0 100
2 1267 100
3 2603 100
4 4191 100
5 5758 100
6 7353 100
7 9030 100
8 10634 100
9 12240 100
10 13830 100
11 15455 100
12 17053 100
13 18654 100
14 20234 100
15 21852 100
16 23449 100
17 25031 100
18 26653 100
19 28255 100
20 29856 100
21 31413 100
22 33054 100
23 34655 100
24 36252 100
25 37844 100
26 39455 100
27 41060 100
28 42664 100
29 44253 100
30 45848 100
31 47453 100
32 49064 100
33 50647 100
34 52220 100
35 53854 100
36 55464 100
37 57060 100
38 58654 100
39 60255 100
40 61850 100
41 63446 100
42 64985 100
43 66560 100
44 68179 100
45 69783 100
46 71387 100
47 72973 100
48 74589 100
49 76177 100
50 77788 100
51 79388 100
52 80989 100
53 82583 100
54 84183 100
55 85786 100
56 87468 100
57 88945 100
58 90574 100
59 92138 100
60 93763 100
61 95363 100
62 96964 100
63 98530 100
64 100151 100
65 101766 100
66 103364 100
67 104963 100
68 106564 100
69 108163 100
70 109763 100
71 111363 100
72 112960 100
73 114554 100
74 116141 100
75 117760 100
76 119358 100
77 120965 100
78 122564 100
79 124163 100
80 125764 100
81 127355 100
82 128959 100
83 130557 100
84 132154 100
85 133763 100
86 135365 100
87 136964 100
88 138578 100
89 140158 100
90 141753 100
91 143364 100
92 144964 100
93 146563 100
94 148159 100
95 149752 100
96 151359 100
97 152953 100
98 154551 100
99 156154 100
100 157788 100
101 159356 100
102 160954 100
103 162551 100
104 164151 100
105 165751 100
106 167349 100
107 168940 100
108 170548 100
109 172152 100
110 173762 100
111 175362 100
112 176966 100
113 178573 100
114 180162 100
115 181762 100
116 183364 100
117 184962 100
118 186580 100
119 188188 100
120 189774 100
121 191373 100
122 192972 100
123 194573 100
124 196169 100
125 197779 100
126 199402 100
127 200974 100
128 202576 100
129 204173 100
130 205769 100
131 207355 100
132 208990 100
133 210574 100
134 212189 100
135 213775 100
136 215381 100
137 216964 100
138 218563 100
139 220174 100
140 221764 100
141 223376 100
142 224984 100
143 226584 100
144 228185 100
145 229765 100
146 231369 100
147 232965 100
148 234565 100
149 236183 100
150 237774 100
151 239380 100
152 240976 100
153 242585 100
154 244174 100
155 245774 100
156 247370 100
157 248975 100
158 250577 100
159 252205 100
160 253790 100
161 255384 100
162 256980 100
163 258591 100
164 260188 100
165 261792 100
166 263392 100
167 264991 100
168 266570 100
169 268192 100
170 269786 100
171 271378 100
172 272975 100
173 274574 100
174 276175 100
175 277777 100
176 279377 100
177 280968 100
178 282565 100
179 284186 100
180 285743 100
181 287373 100
182 288985 100
183 290590 100
184 292143 100
185 293787 100
186 295387 100
187 296988 100
188 298592 100
189 300193 100
190 301776 100
191 303381 100
192 304993 100
193 306595 100
194 308178 100
195 309793 100
196 311376 100
197 312992 100
198 314593 100
199 316193 100
200 317792 100
201 319390 100
202 320983 100
203 322592 100
204 324171 100
205 325772 100
206 327371 100
207 329004 100
208 330572 100
209 332195 100
210 333786 100
211 335393 100
212 337006 100
213 338593 100
214 340165 100
215 341763 100
216 343358 100
217 344993 100
218 346592 100
219 348191 100
220 349792 100
221 351387 100
222 352994 100
223 354593 100
224 356184 100
225 357774 100
226 359368 100
227 360972 100
228 362573 100
229 364192 100
230 365796 100
231 367360 100
232 368993 100
233 370596 100
234 372193 100
235 373795 100
236 375393 100
237 376993 100
238 378594 100
239 380192 100
240 381793 100
241 383373 100
242 384970 100
243 386573 100
244 388192 100
245 389794 100
246 391389 100
247 392974 100
248 394573 100
249 396169 100
250 397791 100
251 399392 100
252 400975 100
253 402573 100
254 404195 100
255 405762 100
256 407359 100
257 408980 100
258 410594 100
259 412194 100
260 413794 100
261 415394 100
262 416980 100
263 418593 100
264 420194 100
265 421780 100
266 423388 100
267 424973 100
268 426573 100
269 428174 100
270 429790 100
271 431389 100
272 432974 100
273 434574 100
274 436174 100
275 437774 100
276 439363 100
277 440981 100
278 442580 100
279 444194 100
280 445795 100
281 447370 100
282 448975 100
283 450574 100
284 452169 100
285 453777 100
286 455371 100
287 456958 100
288 458580 100
289 460180 100
290 461797 100
291 463395 100
292 464977 100
293 466587 100
294 468194 100
295 469795 100
296 471395 100
297 472996 100
298 474595 100
299 476194 100
300 477797 100
301 479397 100
302 480996 100
303 482595 100
304 484170 100
305 485771 100
306 487370 100
307 488978 100
308 490590 100
309 492172 100
310 493798 100
311 495395 100
312 496993 100
313 498605 100
314 500183 100
315 501780 100
316 503381 100
317 504984 100
318 506585 100
319 508209 100
320 509782 100
321 511399 100
322 512995 100
323 514568 100
324 516177 100
325 517801 100
326 519372 100
327 520972 100
328 522577 100
329 524174 100
330 525769 100
331 527396 100
332 528981 100
333 530587 100
334 532162 100
335 533761 100
336 535365 100
337 536959 100
338 538559 100
339 540147 100
340 541757 100
341 543339 100
342 544949 100
343 546560 100
344 548153 100
345 549773 100
346 551371 100
347 552968 100
348 554567 100
349 556162 100
350 557739 100
351 559374 100
352 560972 100
353 562566 100
354 564166 100
355 565748 100
356 567354 100
357 568954 100
358 570555 100
359 572149 100
360 573762 100
361 575368 100
362 576955 100
363 578545 100
364 580154 100
365 581758 100
366 583356 100
367 584969 100
368 586588 100
369 588163 100
370 589779 100
371 591378 100
372 592970 100
373 594583 100
374 596200 100
375 597813 100
376 599397 100
377 600999 100
378 602584 100
379 604155 100
380 605793 100
381 607358 100
382 608972 100
383 610578 100
384 612178 100
385 613774 100
386 615401 100
387 616970 100
388 618590 100
389 620186 100
390 621801 100
391 623395 100
392 624999 100
393 626594 100
394 628189 100
395 629800 100
396 631400 100
397 632979 100
398 634578 100
399 636179 100
400 637769 100
401 639398 100
402 641003 100
403 642600 100
404 644175 100
405 645801 100
406 647402 100
407 649000 100
408 650602 100
409 652197 100
410 653802 100
411 655385 100
412 656977 100
413 658574 100
414 660199 100
415 661800 100
416 663403 100
417 665001 100
418 666602 100
419 668171 100
420 669800 100
421 671404 100
422 673015 100
423 674580 100
424 676180 100
425 677781 100
426 679381 100
427 681002 100
428 682601 100
429 684175 100
430 685803 100
431 687371 100
432 689002 100
433 690602 100
434 692200 100
435 693803 100
436 695401 100
437 697002 100
438 698597 100
439 700202 100
440 701805 100
441 703380 100
442 705002 100
443 706591 100
444 708205 100
445 709803 100
446 711404 100
447 713001 100
448 714601 100
449 716204 100
450 717768 100
451 719373 100
452 721001 100
453 722592 100
454 724203 100
455 725804 100
456 727403 100
457 729001 100
458 730606 100
459 732204 100
460 733805 100
461 735402 100
462 736972 100
463 738575 100
464 740202 100
465 741805 100
466 743404 100
467 744993 100
468 746606 100
469 748195 100
470 749807 100
471 751403 100
472 753002 100
473 754602 100
474 756191 100
475 757774 100
476 759405 100
477 761004 100
478 762602 100
479 764202 100
480 765805 100
481 767403 100
482 768963 100
483 770603 100
484 772201 100
485 773803 100
486 775405 100
487 776995 100
488 778583 100
489 780190 100
490 781805 100
491 783403 100
492 785075 100
493 786582 100
494 788167 100
495 789785 100
496 791383 100
497 793006 100
498 794607 100
499 796201 100
500 797807 100
501 799389 100
502 800994 100
503 802602 100
504 804199 100
505 805800 100
506 807399 100
507 808982 100
508 810607 100
509 812188 100
510 813803 100
511 815400 100
512 817003 100
513 818601 100
514 820203 100
515 821804 100
516 823376 100
517 825008 100
518 826604 100
519 828194 100
520 829806 100
521 831407 100
522 832998 100
523 834605 100
524 836189 100
525 837791 100
526 839390 100
527 840979 100
528 842585 100
529 844183 100
530 845809 100
531 847403 100
532 849002 100
533 850605 100
534 852230 100
535 853806 100
536 855402 100
537 856988 100
538 858586 100
539 860185 100
540 861786 100
541 863403 100
542 865007 100
543 866607 100
544 868206 100
545 869797 100
546 871402 100
547 873011 100
548 874608 100
549 876198 100
550 877809 100
551 879406 100
552 881010 100
553 882605 100
554 884205 100
555 885804 100
556 887381 100
557 888986 100
558 890587 100
559 892204 100
560 893805 100
561 895392 100
562 897005 100
563 898589 100
564 900188 100
565 901787 100
566 903383 100
567 904992 100
568 906605 100
569 908205 100
570 909788 100
571 911381 100
572 912983 100
573 914586 100
574 916204 100
575 917788 100
576 919401 100
577 920996 100
578 922611 100
579 924187 100
580 925809 100
581 927406 100
582 929006 100
583 930605 100
584 932183 100
585 933811 100
586 935393 100
587 937006 100
588 938600 100
589 940182 100
590 941783 100
591 943383 100
592 945013 100
593 946594 100
594 948191 100
595 949820 100
596 951393 100
597 952995 100
598 954592 100
599 956197 100
600 957776 100
601 959379 100
602 960969 100
603 962603 100
604 964212 100
605 965802 100
606 967402 100
607 968999 100
608 970595 100
609 972192 100
610 973792 100
611 975407 100
612 977007 100
613 978612 100
614 980209 100
615 981806 100
616 983407 100
617 985006 100
618 986608 100
619 988191 100
620 989806 100
621 991407 100
622 993001 100
623 994608 100
624 996198 100
625 997796 100
626 999391 100
627 1000966 100
628 1002556 100
629 1004164 100
630 1005755 100
631 1007353 100
632 1008966 100
633 1010582 100
634 1012167 100
635 1013780 100
636 1015369 100
637 1016980 100
638 1018582 100
639 1020180 100
640 1021782 100
641 1023369 100
642 1024974 100
643 1026568 100
644 1028180 100
645 1029757 100
646 1031386 100
647 1032983 100
648 1034583 100
649 1036180 100
650 1037756 100
651 1039385 100
652 1040984 100
653 1042581 100
654 1044172 100
655 1045771 100
656 1047382 100
657 1048982 100
658 1050581 100
659 1052187 100
660 1053806 100
661 1055423 100
662 1056996 100
663 1058590 100
664 1060188 100
665 1061809 100
666 1063389 100
667 1064990 100
668 1066588 100
669 1068189 100
670 1069801 100
671 1071414 100
672 1073009 100
673 1074607 100
674 1076188 100
675 1077788 100
676 1079385 100
677 1081009 100
678 1082624 100
679 1084189 100
680 1085789 100
681 1087386 100
682 1088989 100
683 1090608 100
684 1092232 100
685 1093791 100
686 1095366 100
687 1096987 100
688 1098589 100
689 1100188 100
690 1101790 100
691 1103359 100
692 1105021 100
693 1106584 100
694 1108206 100
695 1109812 100
696 1111411 100
697 1112995 100
698 1114590 100
699 1116235 100
700 1117779 100
701 1119373 100
702 1120989 100
703 1122584 100
704 1124190 100
705 1125790 100
706 1127390 100
707 1128991 100
708 1130584 100
709 1132190 100
710 1133785 100
711 1135411 100
712 1137025 100
713 1138591 100
714 1140190 100
715 1141817 100
716 1143409 100
717 1144990 100
718 1146584 100
719 1148215 100
720 1149815 100
721 1151390 100
722 1153000 100
723 1154599 100
724 1156209 100
725 1157791 100
726 1159407 100
727 1160991 100
728 1162609 100
729 1164183 100
730 1165793 100
731 1167390 100
732 1168981 100
733 1170612 100
734 1172194 100
735 1173792 100
736 1175386 100
737 1176991 100
738 1178593 100
739 1180191 100
740 1181812 100
741 1183427 100
742 1185012 100
743 1186591 100
744 1188192 100
745 1189792 100
746 1191391 100
747 1193011 100
748 1194592 100
749 1196211 100
750 1197794 100
751 1199391 100
752 1200993 100
753 1202612 100
754 1204230 100
755 1205785 100
756 1207391 100
757 1209009 100
758 1210610 100
759 1212191 100
760 1213793 100
761 1215413 100
762 1217026 100
763 1218580 100
764 1220180 100
765 1221793 100
766 1223415 100
767 1225007 100
768 1226587 100
769 1228170 100
770 1229788 100
771 1231412 100
772 1232987 100
773 1234586 100
774 1236212 100
775 1237791 100
776 1239394 100
777 1241012 100
778 1242592 100
779 1244203 100
780 1245790 100
781 1247410 100
782 1248990 100
783 1250624 100
784 1252186 100
785 1253794 100
786 1255414 100
787 1257012 100
788 1258593 100
789 1260208 100
790 1261815 100
791 1263393 100
792 1264993 100
793 1266593 100
794 1268183 100
795 1269778 100
796 1271427 100
797 1273016 100
798 1274593 100
799 1276193 100
800 1277794 100
801 1279389 100
802 1281016 100
803 1282628 100
804 1284218 100
805 1285794 100
806 1287413 100
807 1289015 100
808 1290586 100
809 1292194 100
810 1293795 100
811 1295437 100
812 1297017 100
813 1298615 100
814 1300194 100
815 1301794 100
816 1303389 100
817 1304994 100
818 1306610 100
819 1308213 100
820 1309817 100
821 1311389 100
822 1313013 100
823 1314575 100
824 1316182 100
825 1317807 100
826 1319385 100
827 1320996 100
828 1322595 100
829 1324194 100
830 1325815 100
831 1327398 100
832 1329011 100
833 1330604 100
834 1332194 100
835 1333811 100
836 1335370 100
837 1337017 100
838 1338566 100
839 1340144 100
840 1341800 100
841 1343389 100
842 1344998 100
843 1346617 100
844 1348215 100
845 1349814 100
846 1351389 100
847 1352995 100
848 1354594 100
849 1356196 100
850 1357815 100
851 1359412 100
852 1360987 100
853 1362596 100
854 1364196 100
855 1365796 100
856 1367389 100
857 1368994 100
858 1370591 100
859 1372201 100
860 1373797 100
861 1375396 100
862 1377017 100
863 1378616 100
864 1380215 100
865 1381790 100
866 1383391 100
867 1385022 100
868 1386617 100
869 1388217 100
870 1389838 100
871 1391396 100
872 1392989 100
873 1394612 100
874 1396211 100
875 1397833 100
876 1399417 100
877 1400996 100
878 1402596 100
879 1404221 100
880 1405798 100
881 1407417 100
882 1409018 100
883 1410622 100
884 1412188 100
885 1413798 100
886 1415375 100
887 1416994 100
888 1418588 100
889 1420186 100
890 1421768 100
891 1423384 100
892 1424986 100
893 1426560 100
894 1428186 100
895 1429782 100
896 1431382 100
897 1432983 100
898 1434599 100
899 1436192 100
900 1437792 100
901 1439382 100
902 1440992 100
903 1442591 100
904 1444214 100
905 1445792 100
906 1447393 100
907 1448998 100
908 1450599 100
909 1452218 100
910 1453803 100
911 1455411 100
912 1456999 100
913 1458610 100
914 1460195 100
915 1461819 100
916 1463413 100
917 1465029 100
918 1466595 100
919 1468198 100
920 1469788 100
921 1471409 100
922 1473014 100
923 1474632 100
924 1476175 100
925 1477804 100
926 1479400 100
927 1481000 100
928 1482599 100
929 1484193 100
930 1485820 100
931 1487404 100
932 1488999 100
933 1490599 100
934 1492219 100
935 1493820 100
936 1495419 100
937 1497021 100
938 1498621 100
939 1500193 100
940 1501795 100
941 1503398 100
942 1504995 100
943 1506595 100
944 1508182 100
945 1509815 100
946 1511401 100
947 1513000 100
948 1514601 100
949 1516194 100
950 1517784 100
951 1519407 100
952 1521001 100
953 1522621 100
954 1524208 100
955 1525794 100
956 1527395 100
957 1529001 100
958 1530601 100
959 1532201 100
960 1533801 100
961 1535394 100
962 1537001 100
963 1538621 100
964 1540201 100
965 1541801 100
966 1543400 100
967 1544996 100
968 1546601 100
969 1548202 100
970 1549801 100
971 1551401 100
972 1553001 100
973 1554601 100
974 1556213 100
975 1557801 100
976 1559386 100
977 1561000 100
978 1562601 100
979 1564220 100
980 1565824 100
981 1567400 100
982 1569012 100
983 1570563 100
984 1572222 100
985 1573820 100
986 1575400 100
987 1577001 100
988 1578608 100
989 1580208 100
990 1581774 100
991 1583373 100
992 1584974 100
993 1586607 100
994 1588196 100
995 1589818 100
996 1591395 100
997 1593002 100
998 1594603 100
999 1596254 100
1000 1597795 100
1001 1599377 100
1002 1601021 100
1003 1602596 100
1004 1604198 100
1005 1605800 100
1006 1607402 100
1007 1608996 100
1008 1610603 100
1009 1612203 100
1010 1613826 100
1011 1615393 100
1012 1616991 100
1013 1618603 100
1014 1620193 100
1015 1621810 100
1016 1623423 100
1017 1625003 100
1018 1626602 100
1019 1628203 100
1020 1629804 100
1021 1631437 100
1022 1633002 100
1023 1634603 100
1024 1636206 100
1025 1637823 100
1026 1639423 100
1027 1641002 100
1028 1642597 100
1029 1644197 100
1030 1645801 100
1031 1647402 100
1032 1649005 100
1033 1650604 100
1034 1652203 100
1035 1653829 100
1036 1655394 100
1037 1657000 100
1038 1658600 100
1039 1660200 100
1040 1661803 100
1041 1663393 100
1042 1665003 100
1043 1666603 100
1044 1668204 100
1045 1669796 100
1046 1671403 100
1047 1673005 100
1048 1674601 100
1049 1676203 100
1050 1677806 100
1051 1679404 100
1052 1681004 100
1053 1682604 100
1054 1684203 100
1055 1685804 100
1056 1687426 100
1057 1689024 100
1058 1690613 100
1059 1692204 100
1060 1693797 100
1061 1695398 100
1062 1697024 100
1063 1698625 100
1064 1700229 100
1065 1701801 100
1066 1703395 100
1067 1704993 100
1068 1706604 100
1069 1708204 100
1070 1709806 100
1071 1711404 100
1072 1713007 100
1073 1714605 100
1074 1716200 100
1075 1717806 100
1076 1719395 100
1077 1720994 100
1078 1722604 100
1079 1724203 100
1080 1725800 100
1081 1727406 100
1082 1729006 100
1083 1730606 100
1084 1732206 100
1085 1733798 100
1086 1735394 100
1087 1736990 100
1088 1738606 100
1089 1740199 100
1090 1741826 100
1091 1743402 100
1092 1744998 100
1093 1746605 100
1094 1748205 100
1095 1749828 100
1096 1751405 100
1097 1752998 100
1098 1754606 100
1099 1756206 100
1100 1757801 100
1101 1759413 100
1102 1761007 100
1103 1762608 100
1104 1764226 100
1105 1765801 100
1106 1767406 100
1107 1769021 100
1108 1770590 100
1109 1772207 100
1110 1773819 100
1111 1775430 100
1112 1777028 100
1113 1778583 100
1114 1780228 100
1115 1781801 100
1116 1783401 100
1117 1784992 100
1118 1786582 100
1119 1788158 100
1120 1789764 100
1121 1791431 100
1122 1792989 100
1123 1794601 100
1124 1796206 100
1125 1797840 100
1126 1799423 100
1127 1801020 100
1128 1802607 100
1129 1804230 100
1130 1805808 100
1131 1807414 100
1132 1809002 100
1133 1810606 100
1134 1812224 100
1135 1813829 100
1136 1815426 100
1137 1817029 100
1138 1818632 100
1139 1820217 100
1140 1821816 100
1141 1823430 100
1142 1825029 100
1143 1826625 100
1144 1828207 100
1145 1829820 100
1146 1831407 100
1147 1833008 100
1148 1834607 100
1149 1836201 100
1150 1837822 100
1151 1839409 100
1152 1841008 100
1153 1842609 100
1154 1844209 100
1155 1845809 100
1156 1847407 100
1157 1849025 100
1158 1850609 100
1159 1852204 100
1160 1853805 100
1161 1855403 100
1162 1857003 100
1163 1858625 100
1164 1860221 100
1165 1861805 100
1166 1863410 100
1167 1865009 100
1168 1866610 100
1169 1868203 100
1170 1869803 100
1171 1871426 100
1172 1873037 100
1173 1874604 100
1174 1876217 100
1175 1877817 100
1176 1879405 100
1177 1881004 100
1178 1882632 100
1179 1884211 100
1180 1885810 100
1181 1887410 100
1182 1889015 100
1183 1890608 100
1184 1892210 100
1185 1893811 100
1186 1895411 100
1187 1897009 100
1188 1898626 100
1189 1900229 100
1190 1901834 100
1191 1903405 100
1192 1905041 100
1193 1906622 100
1194 1908215 100
1195 1909811 100
1196 1911406 100
1197 1913010 100
1198 1914631 100
1199 1916246 100
1200 1917833 100
1201 1919429 100
1202 1921025 100
1203 1922620 100
1204 1924211 100
1205 1925808 100
1206 1927405 100
1207 1929023 100
1208 1930643 100
1209 1932211 100
1210 1933811 100
1211 1935410 100
1212 1937010 100
1213 1938607 100
1214 1940222 100
1215 1941820 100
1216 1943412 100
1217 1945012 100
1218 1946611 100
1219 1948228 100
1220 1949846 100
1221 1951414 100
1222 1953016 100
1223 1954616 100
1224 1956215 100
1225 1957807 100
1226 1959407 100
1227 1961007 100
1228 1962630 100
1229 1964235 100
1230 1965826 100
1231 1967412 100
1232 1969032 100
1233 1970635 100
1234 1972230 100
1235 1973832 100
1236 1975408 100
1237 1977010 100
1238 1978608 100
1239 1980206 100
1240 1981828 100
1241 1983435 100
1242 1985012 100
1243 1986628 100
1244 1988228 100
1245 1989814 100
1246 1991408 100
1247 1993008 100
1248 1994608 100
1249 1996230 100
1250 1997836 100
1251 1999413 100
1252 2001033 100
1253 2002639 100
1254 2004212 100
1255 2005814 100
1256 2007408 100
1257 2009007 100
1258 2010607 100
1259 2012206 100
1260 2013812 100
1261 2015434 100
1262 2017002 100
1263 2018610 100
1264 2020235 100
1265 2021796 100
1266 2023436 100
1267 2025014 100
1268 2026618 100
1269 2028212 100
1270 2029830 100
1271 2031415 100
1272 2033014 100
1273 2034614 100
1274 2036213 100
1275 2037806 100
1276 2039407 100
1277 2041014 100
1278 2042615 100
1279 2044212 100
1280 2045813 100
1281 2047412 100
1282 2049008 100
1283 2050612 100
1284 2052231 100
1285 2053831 100
1286 2055414 100
1287 2057006 100
1288 2058587 100
1289 2060213 100
1290 2061794 100
1291 2063394 100
1292 2065022 100
1293 2066599 100
1294 2068219 100
1295 2069805 100
1296 2071399 100
1297 2072999 100
1298 2074599 100
1299 2076220 100
1300 2077817 100
1301 2079419 100
1302 2080999 100
1303 2082595 100
1304 2084195 100
1305 2085799 100
1306 2087415 100
1307 2089020 100
1308 2090588 100
1309 2092195 100
1310 2093808 100
1311 2095416 100
1312 2097032 100
1313 2098598 100
1314 2100200 100
1315 2101788 100
1316 2103412 100
1317 2104981 100
1318 2106588 100
1319 2108186 100
1320 2109806 100
1321 2111394 100
1322 2112994 100
1323 2114594 100
1324 2116207 100
1325 2117797 100
1326 2119406 100
1327 2120975 100
1328 2122606 100
1329 2124187 100
1330 2125802 100
1331 2127402 100
1332 2129011 100
1333 2130595 100
1334 2132217 100
1335 2133796 100
1336 2135403 100
1337 2136992 100
1338 2138603 100
1339 2140194 100
1340 2141799 100
1341 2143394 100
1342 2145008 100
1343 2146608 100
1344 2148196 100
1345 2149798 100
1346 2151394 100
1347 2153001 100
1348 2154597 100
1349 2156213 100
1350 2157809 100
1351 2159408 100
1352 2160999 100
1353 2162587 100
1354 2164211 100
1355 2165814 100
1356 2167408 100
1357 2169013 100
1358 2170595 100
1359 2172176 100
1360 2173809 100
1361 2175398 100
1362 2176998 100
1363 2178597 100
1364 2180171 100
1365 2181804 100
1366 2183403 100
1367 2185000 100
1368 2186599 100
1369 2188222 100
1370 2189767 100
1371 2191402 100
1372 2193005 100
1373 2194607 100
1374 2196210 100
1375 2197809 100
1376 2199398 100
1377 2201002 100
1378 2202595 100
1379 2204199 100
1380 2205809 100
1381 2207408 100
1382 2209012 100
1383 2210610 100
1384 2212199 100
1385 2213796 100
1386 2215402 100
1387 2216990 100
1388 2218604 100
1389 2220192 100
1390 2221805 100
1391 2223400 100
1392 2224991 100
1393 2226607 100
1394 2228208 100
1395 2229810 100
1396 2231409 100
1397 2233005 100
1398 2234592 100
1399 2236178 100
1400 2237810 100
1401 2239403 100
1402 2241011 100
1403 2242599 100
1404 2244197 100
1405 2245802 100
1406 2247404 100
1407 2249008 100
1408 2250611 100
1409 2252216 100
1410 2253804 100
1411 2255372 100
1412 2257014 100
1413 2258654 100
1414 2260214 100
1415 2261817 100
1416 2263426 100
1417 2265016 100
1418 2266601 100
1419 2268198 100
1420 2269789 100
1421 2271382 100
1422 2273005 100
1423 2274588 100
1424 2276173 100
1425 2277815 100
1426 2279410 100
1427 2281010 100
1428 2282599 100
1429 2284211 100
1430 2285812 100
1431 2287410 100
1432 2289008 100
1433 2290574 100
1434 2292208 100
1435 2293809 100
1436 2295410 100
1437 2297012 100
1438 2298601 100
1439 2300207 100
1440 2301793 100
1441 2303397 100
1442 2305006 100
1443 2306616 100
1444 2308217 100
1445 2309807 100
1446 2311395 100
1447 2313003 100
1448 2314605 100
1449 2316206 100
1450 2317797 100
1451 2319404 100
1452 2320970 100
1453 2322601 100
1454 2324201 100
1455 2325802 100
1456 2327405 100
1457 2329006 100
1458 2330605 100
1459 2332206 100
1460 2333807 100
1461 2335392 100
1462 2337006 100
1463 2338601 100
1464 2340191 100
1465 2341806 100
1466 2343400 100
1467 2345006 100
1468 2346607 100
1469 2348206 100
1470 2349807 100
1471 2351397 100
1472 2353008 100
1473 2354605 100
1474 2356206 100
1475 2357806 100
1476 2359406 100
1477 2361004 100
1478 2362574 100
1479 2364205 100
1480 2365807 100
1481 2367407 100
1482 2368998 100
1483 2370594 100
1484 2372205 100
1485 2373809 100
1486 2375408 100
1487 2377001 100
1488 2378609 100
1489 2380206 100
1490 2381807 100
1491 2383408 100
1492 2385007 100
1493 2386609 100
1494 2388207 100
1495 2389794 100
1496 2391434 100
1497 2393007 100
1498 2394607 100
1499 2396207 100
1500 2397807 100
1501 2399406 100
1502 2401007 100
1503 2402589 100
1504 2404199 100
1505 2405808 100
1506 2407406 100
1507 2409007 100
1508 2410609 100
1509 2412204 100
1510 2413807 100
1511 2415407 100
1512 2417008 100
1513 2418594 100
1514 2420194 100
1515 2421793 100
1516 2423408 100
1517 2424972 100
1518 2426608 100
1519 2428207 100
1520 2429808 100
1521 2431407 100
1522 2432999 100
1523 2434609 100
1524 2436207 100
1525 2437809 100
1526 2439395 100
1527 2440976 100
1528 2442610 100
1529 2444209 100
1530 2445799 100
1531 2447403 100
1532 2448992 100
1533 2450592 100
1534 2452234 100
1535 2453836 100
1536 2455433 100
1537 2457019 100
1538 2458620 100
1539 2460218 100
1540 2461825 100
1541 2463424 100
1542 2465026 100
1543 2466624 100
1544 2468260 100
1545 2469827 100
1546 2471423 100
1547 2473024 100
1548 2474626 100
1549 2476224 100
1550 2477828 100
1551 2479418 100
1552 2481019 100
1553 2482627 100
1554 2484225 100
1555 2485825 100
1556 2487423 100
1557 2489026 100
1558 2490642 100
1559 2492212 100
1560 2493813 100
1561 2495408 100
1562 2497024 100
1563 2498605 100
1564 2500204 100
1565 2501806 100
1566 2503418 100
1567 2505005 100
1568 2506618 100
1569 2508216 100
1570 2509811 100
1571 2511422 100
1572 2513022 100
1573 2514625 100
1574 2516212 100
1575 2517814 100
1576 2519403 100
1577 2521018 100
1578 2522619 100
1579 2524218 100
1580 2525817 100
1581 2527424 100
1582 2529008 100
1583 2530610 100
1584 2532213 100
1585 2533810 100
1586 2535398 100
1587 2537029 100
1588 2538655 100
1589 2540220 100
1590 2541837 100
1591 2543415 100
1592 2545017 100
1593 2546620 100
1594 2548219 100
1595 2549818 100
1596 2551411 100
1597 2553024 100
1598 2554623 100
1599 2556223 100
1600 2557840 100
1601 2559422 100
1602 2561050 100
1603 2562647 100
1604 2564226 100
1605 2565850 100
1606 2567413 100
1607 2569053 100
1608 2570648 100
1609 2572248 100
1610 2573850 100
1611 2575447 100
1612 2577047 100
1613 2578644 100
1614 2580227 100
1615 2581843 100
1616 2583442 100
1617 2585049 100
1618 2586649 100
1619 2588228 100
1620 2589832 100
1621 2591428 100
1622 2593028 100
1623 2594647 100
1624 2596246 100
1625 2597828 100
1626 2599428 100
1627 2601044 100
1628 2602622 100
1629 2604206 100
1630 2605816 100
1631 2607425 100
1632 2609003 100
1633 2610592 100
1634 2612205 100
1635 2613807 100
1636 2615407 100
1637 2617010 100
1638 2618607 100
1639 2620202 100
1640 2621801 100
1641 2623401 100
1642 2625004 100
1643 2626611 100
1644 2628202 100
1645 2629801 100
1646 2631420 100
1647 2633002 100
1648 2634623 100
1649 2636201 100
1650 2637880 100
1651 2639578 100
1652 2641028 100
1653 2642611 100
1654 2644219 100
1655 2645801 100
1656 2647396 100
1657 2648984 100
1658 2650602 100
1659 2652220 100
1660 2653837 100
1661 2655408 100
1662 2657009 100
1663 2658615 100
1664 2660190 100
1665 2661823 100
1666 2663409 100
1667 2665025 100
1668 2666627 100
1669 2668208 100
1670 2669809 100
1671 2671408 100
1672 2673000 100
1673 2674599 100
1674 2676186 100
1675 2677782 100
1676 2679423 100
1677 2681002 100
1678 2682602 100
1679 2684201 100
1680 2685817 100
1681 2687412 100
1682 2689010 100
1683 2690609 100
1684 2692222 100
1685 2693812 100
1686 2695412 100
1687 2697009 100
1688 2698620 100
1689 2700224 100
1690 2701823 100
1691 2703403 100
1692 2705017 100
1693 2706609 100
1694 2708210 100
1695 2709810 100
1696 2711413 100
1697 2713003 100
1698 2714604 100
1699 2716203 100
1700 2717803 100
1701 2719415 100
1702 2721014 100
1703 2722611 100
1704 2724210 100
1705 2725810 100
1706 2727423 100
1707 2729025 100
1708 2730611 100
1709 2732209 100
1710 2733810 100
1711 2735409 100
1712 2737024 100
1713 2738611 100
1714 2740203 100
1715 2741806 100
1716 2743403 100
1717 2745017 100
1718 2746605 100
1719 2748203 100
1720 2749804 100
1721 2751417 100
1722 2753014 100
1723 2754615 100
1724 2756212 100
1725 2757823 100
1726 2759423 100
1727 2761024 100
1728 2762619 100
1729 2764211 100
1730 2765828 100
1731 2767429 100
1732 2769028 100
1733 2770624 100
1734 2772212 100
1735 2773811 100
1736 2775412 100
1737 2777016 100
1738 2778614 100
1739 2780223 100
1740 2781818 100
1741 2783400 100
1742 2785015 100
1743 2786658 100
1744 2788251 100
1745 2789853 100
1746 2791452 100
1747 2793055 100
1748 2794652 100
1749 2796253 100
1750 2797868 100
1751 2799453 100
1752 2801053 100
1753 2802652 100
1754 2804245 100
1755 2805848 100
1756 2807455 100
1757 2809053 100
1758 2810649 100
1759 2812248 100
1760 2813854 100
1761 2815453 100
1762 2817036 100
1763 2818629 100
1764 2820252 100
1765 2821853 100
1766 2823435 100
1767 2825035 100
1768 2826629 100
1769 2828227 100
1770 2829855 100
1771 2831457 100
1772 2833034 100
1773 2834635 100
1774 2836234 100
1775 2837833 100
1776 2839435 100
1777 2841028 100
1778 2842617 100
1779 2844197 100
1780 2845842 100
1781 2847437 100
1782 2849035 100
1783 2850635 100
1784 2852232 100
1785 2853821 100
1786 2855439 100
1787 2857017 100
1788 2858617 100
1789 2860216 100
1790 2861810 100
1791 2863417 100
1792 2865017 100
1793 2866616 100
1794 2868212 100
1795 2869798 100
1796 2871417 100
1797 2873017 100
1798 2874619 100
1799 2876212 100
1800 2877813 100
1801 2879417 100
1802 2881038 100
1803 2882619 100
1804 2884217 100
1805 2885818 100
1806 2887411 100
1807 2889033 100
1808 2890601 100
1809 2892227 100
1810 2893819 100
1811 2895417 100
1812 2897018 100
1813 2898620 100
1814 2900236 100
1815 2901832 100
1816 2903418 100
1817 2905018 100
1818 2906623 100
1819 2908251 100
1820 2909817 100
1821 2911418 100
1822 2913017 100
1823 2914618 100
1824 2916218 100
1825 2917815 100
1826 2919418 100
1827 2921052 100
1828 2922609 100
1829 2924219 100
1830 2925820 100
1831 2927417 100
1832 2929019 100
1833 2930615 100
1834 2932220 100
1835 2933819 100
1836 2935418 100
1837 2937038 100
1838 2938619 100
1839 2940238 100
1840 2941806 100
1841 2943428 100
1842 2945019 100
1843 2946618 100
1844 2948219 100
1845 2949814 100
1846 2951417 100
1847 2953021 100
1848 2954621 100
1849 2956213 100
1850 2957816 100
1851 2959419 100
1852 2961019 100
1853 2962620 100
1854 2964223 100
1855 2965799 100
1856 2967421 100
1857 2969019 100
1858 2970620 100
1859 2972202 100
1860 2973804 100
1861 2975419 100
1862 2977020 100
1863 2978621 100
1864 2980232 100
1865 2981816 100
1866 2983400 100
1867 2985010 100
1868 2986639 100
1869 2988214 100
1870 2989818 100
1871 2991449 100
1872 2993020 100
1873 2994619 100
1874 2996220 100
1875 2997840 100
1876 2999406 100
1877 3001054 100
1878 3002620 100
1879 3004222 100
1880 3005835 100
1881 3007420 100
1882 3009040 100
1883 3010622 100
1884 3012219 100
1885 3013820 100
1886 3015420 100
1887 3017042 100
1888 3018626 100
1889 3020220 100
1890 3021816 100
1891 3023420 100
1892 3025007 100
1893 3026631 100
1894 3028216 100
1895 3029824 100
1896 3031426 100
1897 3033091 100
1898 3034666 100
1899 3036220 100
1900 3037827 100
1901 3039434 100
1902 3041018 100
1903 3042607 100
1904 3044214 100
1905 3045816 100
1906 3047415 100
1907 3049009 100
1908 3050621 100
1909 3052215 100
1910 3053816 100
1911 3055416 100
1912 3057026 100
1913 3058607 100
1914 3060230 100
1915 3061816 100
1916 3063415 100
1917 3065009 100
1918 3066617 100
1919 3068215 100
1920 3069832 100
1921 3071407 100
1922 3073028 100
1923 3074626 100
1924 3076215 100
1925 3077816 100
1926 3079415 100
1927 3081008 100
1928 3082621 100
1929 3084215 100
1930 3085834 100
1931 3087447 100
1932 3089036 100
1933 3090639 100
1934 3092241 100
1935 3093841 100
1936 3095436 100
1937 3097060 100
1938 3098641 100
1939 3100261 100
1940 3101875 100
1941 3103438 100
1942 3105036 100
1943 3106672 100
1944 3108220 100
1945 3109812 100
1946 3111420 100
1947 3113020 100
1948 3114621 100
1949 3116213 100
1950 3117821 100
1951 3119430 100
1952 3121031 100
1953 3122626 100
1954 3124219 100
1955 3125821 100
1956 3127420 100
1957 3129012 100
1958 3130624 100
1959 3132214 100
1960 3133822 100
1961 3135421 100
1962 3137021 100
1963 3138630 100
1964 3140198 100
1965 3141827 100
1966 3143427 100
1967 3145028 100
1968 3146626 100
1969 3148228 100
1970 3149826 100
1971 3151437 100
1972 3153014 100
1973 3154613 100
1974 3156253 100
1975 3157820 100
1976 3159433 100
1977 3161035 100
1978 3162628 100
1979 3164224 100
1980 3165821 100
1981 3167430 100
1982 3169066 100
1983 3170608 100
1984 3172229 100
1985 3173830 100
1986 3175430 100
1987 3177018 100
1988 3178613 100
1989 3180212 100
1990 3181813 100
1991 3183413 100
1992 3185026 100
1993 3186627 100
1994 3188229 100
1995 3189829 100
1996 3191424 100
1997 3193023 100
1998 3194624 100
1999 3196224 100
2000 3197871 100
2001 3199462 100
2002 3201037 100
2003 3202643 100
2004 3204221 100
2005 3205820 100
2006 3207423 100
2007 3209020 100
2008 3210633 100
2009 3212208 100
2010 3213810 100
2011 3215423 100
2012 3217022 100
2013 3218621 100
2014 3220220 100
2015 3221839 100
2016 3223421 100
2017 3225024 100
2018 3226623 100
2019 3228221 100
2020 3229844 100
2021 3231419 100
2022 3233023 100
2023 3234609 100
2024 3236243 100
2025 3237830 100
2026 3239423 100
2027 3241024 100
2028 3242622 100
2029 3244224 100
2030 3245824 100
2031 3247423 100
2032 3249023 100
2033 3250622 100
2034 3252242 100
2035 3253841 100
2036 3255441 100
2037 3257020 100
2038 3258619 100
2039 3260218 100
2040 3261818 100
2041 3263461 100
2042 3265024 100
2043 3266657 100
2044 3268223 100
2045 3269823 100
2046 3271423 100
2047 3273024 100
2048 3274624 100
2049 3276213 100
2050 3277823 100
2051 3279423 100
2052 3281023 100
2053 3282622 100
2054 3284245 100
2055 3285824 100
2056 3287426 100
2057 3289028 100
2058 3290622 100
2059 3292222 100
2060 3293823 100
2061 3295427 100
2062 3297023 100
2063 3298620 100
2064 3300220 100
2065 3301819 100
2066 3303422 100
2067 3305022 100
2068 3306621 100
2069 3308224 100
2070 3309825 100
2071 3311445 100
2072 3313046 100
2073 3314625 100
2074 3316232 100
2075 3317814 100
2076 3319423 100
2077 3321023 100
2078 3322625 100
2079 3324241 100
2080 3325827 100
2081 3327426 100
2082 3329026 100
2083 3330628 100
2084 3332228 100
2085 3333827 100
2086 3335426 100
2087 3337026 100
2088 3338614 100
2089 3340223 100
2090 3341834 100
2091 3343426 100
2092 3345027 100
2093 3346625 100
2094 3348245 100
2095 3349857 100
2096 3351409 100
2097 3353023 100
2098 3354648 100
2099 3356211 100
2100 3357825 100
2101 3359413 100
2102 3361021 100
2103 3362642 100
2104 3364221 100
2105 3365828 100
2106 3367429 100
2107 3369028 100
2108 3370627 100
2109 3372224 100
2110 3373814 100
2111 3375424 100
2112 3377027 100
2113 3378626 100
2114 3380215 100
2115 3381826 100
2116 3383426 100
2117 3385027 100
2118 3386626 100
2119 3388222 100
2120 3389827 100
2121 3391425 100
2122 3393027 100
2123 3394642 100
2124 3396209 100
2125 3397843 100
2126 3399425 100
2127 3401034 100
2128 3402625 100
2129 3404248 100
2130 3405829 100
2131 3407428 100
2132 3409026 100
2133 3410624 100
2134 3412230 100
2135 3413847 100
2136 3415423 100
2137 3417024 100
2138 3418623 100
2139 3420222 100
2140 3421817 100
2141 3423447 100
2142 3425026 100
2143 3426625 100
2144 3428225 100
2145 3429831 100
2146 3431446 100
2147 3433032 100
2148 3434625 100
2149 3436225 100
2150 3437830 100
2151 3439425 100
2152 3441026 100
2153 3442612 100
2154 3444224 100
2155 3445829 100
2156 3447423 100
2157 3449026 100
2158 3450625 100
2159 3452223 100
2160 3453846 100
2161 3455426 100
2162 3457048 100
2163 3458627 100
2164 3460226 100
2165 3461831 100
2166 3463411 100
2167 3465046 100
2168 3466630 100
2169 3468231 100
2170 3469829 100
2171 3471423 100
2172 3473014 100
2173 3474647 100
2174 3476226 100
2175 3477832 100
2176 3479429 100
2177 3481051 100
2178 3482649 100
2179 3484216 100
2180 3485829 100
2181 3487427 100
2182 3489030 100
2183 3490650 100
2184 3492226 100
2185 3493832 100
2186 3495430 100
2187 3497035 100
2188 3498631 100
2189 3500222 100
2190 3501831 100
2191 3503431 100
2192 3505021 100
2193 3506629 100
2194 3508227 100
2195 3509829 100
2196 3511443 100
2197 3513053 100
2198 3514651 100
2199 3516248 100
2200 3517827 100
2201 3519426 100
2202 3521026 100
2203 3522626 100
2204 3524230 100
2205 3525815 100
2206 3527425 100
2207 3529030 100
2208 3530627 100
2209 3532265 100
2210 3533828 100
2211 3535427 100
2212 3537027 100
2213 3538628 100
2214 3540252 100
2215 3541830 100
2216 3543426 100
2217 3545030 100
2218 3546614 100
2219 3548247 100
2220 3549867 100
2221 3551430 100
2222 3553030 100
2223 3554630 100
2224 3556228 100
2225 3557863 100
2226 3559436 100
2227 3561018 100
2228 3562639 100
2229 3564215 100
2230 3565826 100
2231 3567408 100
2232 3569019 100
2233 3570617 100
2234 3572213 100
2235 3573812 100
2236 3575418 100
2237 3577018 100
2238 3578618 100
2239 3580215 100
2240 3581828 100
2241 3583423 100
2242 3585019 100
2243 3586634 100
2244 3588212 100
2245 3589819 100
2246 3591418 100
2247 3593018 100
2248 3594621 100
2249 3596218 100
2250 3597833 100
2251 3599427 100
2252 3601034 100
2253 3602619 100
2254 3604221 100
2255 3605819 100
2256 3607420 100
2257 3609035 100
2258 3610626 100
2259 3612239 100
2260 3613840 100
2261 3615479 100
2262 3617079 100
2263 3618646 100
2264 3620247 100
2265 3621850 100
2266 3623446 100
2267 3625047 100
2268 3626646 100
2269 3628246 100
2270 3629832 100
2271 3631444 100
2272 3633046 100
2273 3634646 100
2274 3636238 100
2275 3637861 100
2276 3639446 100
2277 3641061 100
2278 3642650 100
2279 3644234 100
2280 3645851 100
2281 3647449 100
2282 3649047 100
2283 3650684 100
2284 3652233 100
2285 3653846 100
2286 3655446 100
2287 3657049 100
2288 3658650 100
2289 3660249 100
2290 3661833 100
2291 3663451 100
2292 3665062 100
2293 3666682 100
2294 3668249 100
2295 3669850 100
2296 3671435 100
2297 3673050 100
2298 3674650 100
2299 3676249 100
2300 3677851 100
2301 3679430 100
2302 3681038 100
2303 3682632 100
2304 3684233 100
2305 3685831 100
2306 3687449 100
2307 3689048 100
2308 3690648 100
2309 3692260 100
2310 3693847 100
2311 3695434 100
2312 3697048 100
2313 3698638 100
2314 3700248 100
2315 3701848 100
2316 3703448 100
2317 3705048 100
2318 3706649 100
2319 3708251 100
2320 3709852 100
2321 3711450 100
2322 3713052 100
2323 3714650 100
2324 3716280 100
2325 3717850 100
2326 3719450 100
2327 3721049 100
2328 3722651 100
2329 3724245 100
2330 3725837 100
2331 3727437 100
2332 3729037 100
2333 3730611 100
2334 3732262 100
2335 3733823 100
2336 3735418 100
2337 3737039 100
2338 3738619 100
2339 3740223 100
2340 3741816 100
2341 3743442 100
2342 3745021 100
2343 3746629 100
2344 3748224 100
2345 3749825 100
2346 3751420 100
2347 3753026 100
2348 3754625 100
2349 3756223 100
2350 3757819 100
2351 3759421 100
2352 3761025 100
2353 3762625 100
2354 3764223 100
2355 3765825 100
2356 3767424 100
2357 3769024 100
2358 3770624 100
2359 3772239 100
2360 3773835 100
2361 3775445 100
2362 3777025 100
2363 3778629 100
2364 3780224 100
2365 3781825 100
2366 3783443 100
2367 3785054 100
2368 3786607 100
2369 3788210 100
2370 3789835 100
2371 3791433 100
2372 3793037 100
2373 3794636 100
2374 3796226 100
2375 3797835 100
2376 3799437 100
2377 3801038 100
2378 3802634 100
2379 3804240 100
2380 3805834 100
2381 3807406 100
2382 3809010 100
2383 3810602 100
2384 3812201 100
2385 3813804 100
2386 3815402 100
2387 3817055 100
2388 3818648 100
2389 3820246 100
2390 3821851 100
2391 3823435 100
2392 3825049 100
2393 3826644 100
2394 3828246 100
2395 3829857 100
2396 3831464 100
2397 3833054 100
2398 3834654 100
2399 3836254 100
2400 3837841 100
2401 3839465 100
2402 3841053 100
2403 3842648 100
2404 3844249 100
2405 3845852 100
2406 3847452 100
2407 3849054 100
2408 3850656 100
2409 3852255 100
2410 3853854 100
2411 3855465 100
2412 3857049 100
2413 3858655 100
2414 3860253 100
2415 3861883 100
2416 3863452 100
2417 3865057 100
2418 3866655 100
2419 3868254 100
2420 3869855 100
2421 3871456 100
2422 3873050 100
2423 3874653 100
2424 3876283 100
2425 3877871 100
2426 3879450 100
2427 3881067 100
2428 3882652 100
2429 3884272 100
2430 3885853 100
2431 3887471 100
2432 3889056 100
2433 3890652 100
2434 3892255 100
2435 3893868 100
2436 3895425 100
2437 3897077 100
2438 3898657 100
2439 3900218 100
2440 3901873 100
2441 3903470 100
2442 3905067 100
2443 3906671 100
2444 3908271 100
2445 3909865 100
2446 3911453 100
2447 3913018 100
2448 3914606 100
2449 3916203 100
2450 3917846 100
2451 3919472 100
2452 3921076 100
2453 3922654 100
2454 3924240 100
2455 3925855 100
2456 3927472 100
2457 3929092 100
2458 3930654 100
2459 3932254 100
2460 3933855 100
2461 3935452 100
2462 3937042 100
2463 3938655 100
2464 3940255 100
2465 3941856 100
2466 3943453 100
2467 3945055 100
2468 3946653 100
2469 3948254 100
2470 3949869 100
2471 3951439 100
2472 3953069 100
2473 3954658 100
2474 3956258 100
2475 3957857 100
2476 3959457 100
2477 3961070 100
2478 3962687 100
2479 3964263 100
2480 3965857 100
2481 3967455 100
2482 3969059 100
2483 3970644 100
2484 3972256 100
2485 3973849 100
2486 3975455 100
2487 3977054 100
2488 3978656 100
2489 3980254 100
2490 3981854 100
2491 3983469 100
2492 3985054 100
2493 3986670 100
2494 3988258 100
2495 3989859 100
2496 3991444 100
2497 3993051 100
2498 3994669 100
2499 3996281 100
2500 3998037 100
2501 3999450 100
2502 4001033 100
2503 4002640 100
2504 4004227 100
2505 4005827 100
2506 4007424 100
2507 4009027 100
2508 4010624 100
2509 4012224 100
2510 4013824 100
2511 4015408 100
2512 4017020 100
2513 4018616 100
2514 4020226 100
2515 4021824 100
2516 4023425 100
2517 4025045 100
2518 4026622 100
2519 4028207 100
2520 4029820 100
2521 4031422 100
2522 4033022 100
2523 4034622 100
2524 4036222 100
2525 4037823 100
2526 4039423 100
2527 4041026 100
2528 4042623 100
2529 4044223 100
2530 4045836 100
2531 4047421 100
2532 4049045 100
2533 4050625 100
2534 4052227 100
2535 4053826 100
2536 4055422 100
2537 4057030 100
2538 4058654 100
2539 4060232 100
2540 4061826 100
2541 4063427 100
2542 4065026 100
2543 4066591 100
2544 4068243 100
2545 4069842 100
2546 4071447 100
2547 4073042 100
2548 4074639 100
2549 4076236 100
2550 4077843 100
2551 4079442 100
2552 4081042 100
2553 4082642 100
2554 4084244 100
2555 4085842 100
2556 4087425 100
2557 4089043 100
2558 4090629 100
2559 4092226 100
2560 4093842 100
2561 4095442 100
2562 4097043 100
2563 4098631 100
2564 4100244 100
2565 4101843 100
2566 4103443 100
2567 4105041 100
2568 4106643 100
2569 4108239 100
2570 4109843 100
2571 4111442 100
2572 4113043 100
2573 4114631 100
2574 4116233 100
2575 4117865 100
2576 4119456 100
2577 4121058 100
2578 4122656 100
2579 4124255 100
2580 4125851 100
2581 4127455 100
2582 4129040 100
2583 4130658 100
2584 4132259 100
2585 4133857 100
2586 4135455 100
2587 4137058 100
2588 4138663 100
2589 4140272 100
2590 4141873 100
2591 4143457 100
2592 4145059 100
2593 4146647 100
2594 4148252 100
2595 4149877 100
2596 4151459 100
2597 4153061 100
2598 4154658 100
2599 4156256 100
2600 4157874 100
2601 4159461 100
2602 4161030 100
2603 4162658 100
2604 4164261 100
2605 4165841 100
2606 4167472 100
2607 4169041 100
2608 4170633 100
2609 4172245 100
2610 4173861 100
2611 4175442 100
2612 4177043 100
2613 4178642 100
2614 4180236 100
2615 4181846 100
2616 4183446 100
2617 4185068 100
2618 4186662 100
2619 4188242 100
2620 4189844 100
2621 4191443 100
2622 4193043 100
2623 4194644 100
2624 4196281 100
2625 4197845 100
2626 4199446 100
2627 4201079 100
2628 4202648 100
2629 4204245 100
2630 4205846 100
2631 4207445 100
2632 4209053 100
2633 4210650 100
2634 4212248 100
2635 4213845 100
2636 4215443 100
2637 4217063 100
2638 4218647 100
2639 4220243 100
2640 4221842 100
2641 4223439 100
2642 4225052 100
2643 4226640 100
2644 4228240 100
2645 4229842 100
2646 4231440 100
2647 4233063 100
2648 4234650 100
2649 4236230 100
2650 4237844 100
2651 4239440 100
2652 4241041 100
2653 4242640 100
2654 4244244 100
2655 4245852 100
2656 4247449 100
2657 4249047 100
2658 4250663 100
2659 4252247 100
2660 4253849 100
2661 4255441 100
2662 4257042 100
2663 4258664 100
2664 4260242 100
2665 4261842 100
2666 4263440 100
2667 4265042 100
2668 4266664 100
2669 4268246 100
2670 4269847 100
2671 4271445 100
2672 4273035 100
2673 4274664 100
2674 4276247 100
2675 4277849 100
2676 4279448 100
2677 4281047 100
2678 4282651 100
2679 4284255 100
2680 4285853 100
2681 4287439 100
2682 4289049 100
2683 4290651 100
2684 4292245 100
2685 4293843 100
2686 4295444 100
2687 4297052 100
2688 4298652 100
2689 4300250 100
2690 4301846 100
2691 4303445 100
2692 4305044 100
2693 4306642 100
2694 4308264 100
2695 4309847 100
2696 4311495 100
2697 4313046 100
2698 4314649 100
2699 4316265 100
2700 4317848 100
2701 4319448 100
2702 4321048 100
2703 4322651 100
2704 4324241 100
2705 4325847 100
2706 4327445 100
2707 4329057 100
2708 4330681 100
2709 4332249 100
2710 4333850 100
2711 4335450 100
2712 4337044 100
2713 4338665 100
2714 4340249 100
2715 4341849 100
2716 4343446 100
2717 4345045 100
2718 4346653 100
2719 4348251 100
2720 4349865 100
2721 4351446 100
2722 4353047 100
2723 4354645 100
2724 4356252 100
2725 4357848 100
2726 4359442 100
2727 4361045 100
2728 4362653 100
2729 4364267 100
2730 4365850 100
2731 4367446 100
2732 4369049 100
2733 4370648 100
2734 4372247 100
2735 4373850 100
2736 4375448 100
2737 4377048 100
2738 4378647 100
2739 4380247 100
2740 4381858 100
2741 4383456 100
2742 4385047 100
2743 4386652 100
2744 4388247 100
2745 4389848 100
2746 4391449 100
2747 4393035 100
2748 4394647 100
2749 4396253 100
2750 4397869 100
2751 4399448 100
2752 4401048 100
2753 4402647 100
2754 4404246 100
2755 4405850 100
2756 4407454 100
2757 4409057 100
2758 4410645 100
2759 4412239 100
2760 4413843 100
2761 4415445 100
2762 4417058 100
2763 4418681 100
2764 4420251 100
2765 4421851 100
2766 4423452 100
2767 4425048 100
2768 4426649 100
2769 4428253 100
2770 4429869 100
2771 4431472 100
2772 4433052 100
2773 4434652 100
2774 4436255 100
2775 4437854 100
2776 4439457 100
2777 4441049 100
2778 4442649 100
2779 4444249 100
2780 4445847 100
2781 4447454 100
2782 4449053 100
2783 4450649 100
2784 4452251 100
2785 4453849 100
2786 4455449 100
2787 4457049 100
2788 4458646 100
2789 4460246 100
2790 4461849 100
2791 4463457 100
2792 4465060 100
2793 4466653 100
2794 4468253 100
2795 4469854 100
2796 4471450 100
2797 4473049 100
2798 4474647 100
2799 4476250 100
2800 4477857 100
2801 4479454 100
2802 4481046 100
2803 4482656 100
2804 4484254 100
2805 4485870 100
2806 4487453 100
2807 4489064 100
2808 4490636 100
2809 4492249 100
2810 4493850 100
2811 4495450 100
2812 4497056 100
2813 4498657 100
2814 4500250 100
2815 4501852 100
2816 4503449 100
2817 4505054 100
2818 4506651 100
2819 4508236 100
2820 4509848 100
2821 4511446 100
2822 4513052 100
2823 4514660 100
2824 4516251 100
2825 4517877 100
2826 4519441 100
2827 4521051 100
2828 4522651 100
2829 4524251 100
2830 4525870 100
2831 4527454 100
2832 4529054 100
2833 4530653 100
2834 4532271 100
2835 4533855 100
2836 4535455 100
2837 4537056 100
2838 4538653 100
2839 4540248 100
2840 4541848 100
2841 4543437 100
2842 4545048 100
2843 4546652 100
2844 4548257 100
2845 4549854 100
2846 4551451 100
2847 4553051 100
2848 4554641 100
2849 4556247 100
2850 4557849 100
2851 4559448 100
2852 4561043 100
2853 4562643 100
2854 4564254 100
2855 4565842 100
2856 4567462 100
2857 4569042 100
2858 4570642 100
2859 4572241 100
2860 4573857 100
2861 4575441 100
2862 4577061 100
2863 4578660 100
2864 4580260 100
2865 4581852 100
2866 4583436 100
2867 4585050 100
2868 4586621 100
2869 4588252 100
2870 4589853 100
2871 4591451 100
2872 4593059 100
2873 4594643 100
2874 4596260 100
2875 4597851 100
2876 4599449 100
2877 4601059 100
2878 4602662 100
2879 4604260 100
2880 4605852 100
2881 4607426 100
2882 4609048 100
2883 4610659 100
2884 4612260 100
2885 4613863 100
2886 4615454 100
2887 4617050 100
2888 4618644 100
2889 4620259 100
2890 4621861 100
2891 4623451 100
2892 4625059 100
2893 4626664 100
2894 4628260 100
2895 4629822 100
2896 4631448 100
2897 4633040 100
2898 4634662 100
2899 4636260 100
2900 4637863 100
2901 4639461 100
2902 4641043 100
2903 4642657 100
2904 4644250 100
2905 4645855 100
2906 4647453 100
2907 4649052 100
2908 4650652 100
2909 4652248 100
2910 4653854 100
2911 4655451 100
2912 4657060 100
2913 4658662 100
2914 4660261 100
2915 4661862 100
2916 4663454 100
2917 4665050 100
2918 4666660 100
2919 4668261 100
2920 4669862 100
2921 4671456 100
2922 4673050 100
2923 4674661 100
2924 4676264 100
2925 4677863 100
2926 4679452 100
2927 4681050 100
2928 4682661 100
2929 4684253 100
2930 4685859 100
2931 4687454 100
2932 4689051 100
2933 4690650 100
2934 4692244 100
2935 4693864 100
2936 4695454 100
2937 4697055 100
2938 4698651 100
2939 4700254 100
2940 4701858 100
2941 4703453 100
2942 4705053 100
2943 4706649 100
2944 4708253 100
2945 4709854 100
2946 4711452 100
2947 4713048 100
2948 4714649 100
2949 4716254 100
2950 4717854 100
2951 4719448 100
2952 4721055 100
2953 4722653 100
2954 4724252 100
2955 4725854 100
2956 4727454 100
2957 4729055 100
2958 4730650 100
2959 4732254 100
2960 4733854 100
2961 4735453 100
2962 4737055 100
2963 4738654 100
2964 4740253 100
2965 4741854 100
2966 4743452 100
2967 4745055 100
2968 4746664 100
2969 4748250 100
2970 4749856 100
2971 4751453 100
2972 4753052 100
2973 4754654 100
2974 4756253 100
2975 4757854 100
2976 4759454 100
2977 4761053 100
2978 4762654 100
2979 4764244 100
2980 4765856 100
2981 4767453 100
2982 4769056 100
2983 4770654 100
2984 4772254 100
2985 4773855 100
2986 4775455 100
2987 4777065 100
2988 4778654 100
2989 4780254 100
2990 4781851 100
2991 4783455 100
2992 4785041 100
2993 4786660 100
2994 4788256 100
2995 4789858 100
2996 4791454 100
2997 4793059 100
2998 4794622 100
2999 4796255 100
3000 4797856 100
3001 4799456 100
3002 4801057 100
3003 4802657 100
3004 4804255 100
3005 4805856 100
3006 4807455 100
3007 4809058 100
3008 4810655 100
3009 4812257 100
3010 4813856 100
3011 4815450 100
3012 4817056 100
3013 4818657 100
3014 4820252 100
3015 4821857 100
3016 4823455 100
3017 4825057 100
3018 4826655 100
3019 4828257 100
3020 4829857 100
3021 4831456 100
3022 4833056 100
3023 4834656 100
3024 4836255 100
3025 4837856 100
3026 4839456 100
3027 4841056 100
3028 4842653 100
3029 4844260 100
3030 4845858 100
3031 4847456 100
3032 4849053 100
3033 4850658 100
3034 4852256 100
3035 4853857 100
3036 4855455 100
3037 4857056 100
3038 4858657 100
3039 4860256 100
3040 4861857 100
3041 4863453 100
3042 4865055 100
3043 4866657 100
3044 4868257 100
3045 4869857 100
3046 4871456 100
3047 4873057 100
3048 4874657 100
3049 4876258 100
3050 4877859 100
3051 4879457 100
3052 4881057 100
3053 4882657 100
3054 4884259 100
3055 4885858 100
3056 4887458 100
3057 4889057 100
3058 4890659 100
