0 4 100
1 628 100
2 2228 100
3 3852 100
4 5452 100
5 7052 100
6 8652 100
7 10252 100
8 11853 100
9 13452 100
10 15057 100
11 16652 100
12 18252 100
13 19852 100
14 21452 100
15 23052 100
16 24652 100
17 26252 100
18 27852 100
19 29452 100
20 31052 100
21 32652 100
22 34252 100
23 35852 100
24 37452 100
25 39053 100
26 40652 100
27 42253 100
28 43853 100
29 45453 100
30 47053 100
31 48653 100
32 50257 100
33 51853 100
34 53453 100
35 55053 100
36 56653 100
37 58253 100
38 59853 100
39 61453 100
40 63053 100
41 64653 100
42 66253 100
43 67853 100
44 69453 100
45 71053 100
46 72653 100
47 74253 100
48 75853 100
49 77453 100
50 79053 100
51 80653 100
52 82254 100
53 83854 100
54 85454 100
55 87054 100
56 88654 100
57 90254 100
58 91854 100
59 93454 100
60 95054 100
61 96654 100
62 98254 100
63 99854 100
64 101454 100
65 103054 100
66 104654 100
67 106255 100
68 107854 100
69 109454 100
70 111054 100
71 112654 100
72 114254 100
73 115854 100
74 117454 100
75 119055 100
76 120655 100
77 122255 100
78 123855 100
79 125455 100
80 127055 100
81 128655 100
82 130255 100
83 131855 100
84 133455 100
85 135055 100
86 136655 100
87 138255 100
88 139855 100
89 141455 100
90 143055 100
91 144655 100
92 146255 100
93 147855 100
94 149455 100
95 151055 100
96 152656 100
97 154255 100
98 155856 100
99 157460 100
100 159056 100
101 160656 100
102 162254 100
103 163854 100
104 165454 100
105 167054 100
106 168654 100
107 170254 100
108 171854 100
109 173454 100
110 175054 100
111 176654 100
112 178254 100
113 179854 100
114 181454 100
115 183055 100
116 184655 100
117 186255 100
118 187855 100
119 189455 100
120 191055 100
121 192655 100
122 194255 100
123 195855 100
124 197455 100
125 199056 100
126 200655 100
127 202255 100
128 203855 100
129 205455 100
130 207055 100
131 208655 100
132 210255 100
133 211855 100
134 213455 100
135 215055 100
136 216655 100
137 218255 100
138 219855 100
139 221455 100
140 223056 100
141 224656 100
142 226256 100
143 227856 100
144 229456 100
145 231056 100
146 232656 100
147 234256 100
148 235856 100
149 237456 100
150 239056 100
151 240656 100
152 242256 100
153 243856 100
154 245457 100
155 247056 100
156 248656 100
157 250256 100
158 251856 100
159 253456 100
160 255056 100
161 256656 100
162 258256 100
163 259856 100
164 261457 100
165 263057 100
166 264657 100
167 266257 100
168 267857 100
169 269457 100
170 271057 100
171 272657 100
172 274257 100
173 275857 100
174 277457 100
175 279057 100
176 280657 100
177 282266 100
178 283857 100
179 285457 100
180 287057 100
181 288657 100
182 290257 100
183 291858 100
184 293457 100
185 295057 100
186 296657 100
187 298257 100
188 299857 100
189 301458 100
190 303058 100
191 304658 100
192 306258 100
193 307858 100
194 309458 100
195 311058 100
196 312658 100
197 314258 100
198 315858 100
199 317458 100
200 319058 100
201 320658 100
202 322258 100
203 323858 100
204 325458 100
205 327058 100
206 328658 100
207 330258 100
208 331858 100
209 333458 100
210 335058 100
211 336658 100
212 338259 100
213 339859 100
214 341458 100
215 343058 100
216 344659 100
217 346259 100
218 347859 100
219 349459 100
220 351059 100
221 352659 100
222 354259 100
223 355859 100
224 357459 100
225 359059 100
226 360659 100
227 362259 100
228 363859 100
229 365459 100
230 367059 100
231 368659 100
232 370259 100
233 371859 100
234 373459 100
235 375059 100
236 376659 100
237 378259 100
238 379859 100
239 381459 100
240 383059 100
241 384661 100
242 386260 100
243 387860 100
244 389460 100
245 391060 100
246 392660 100
247 394260 100
248 395860 100
249 397460 100
250 399060 100
251 400660 100
252 402260 100
253 403860 100
254 405460 100
255 407060 100
256 408660 100
257 410260 100
258 411860 100
259 413460 100
260 415060 100
261 416660 100
262 418260 100
263 419860 100
264 421460 100
265 423060 100
266 424661 100
267 426261 100
268 427861 100
269 429461 100
270 431062 100
271 432661 100
272 434261 100
273 435861 100
274 437461 100
275 439061 100
276 440661 100
277 442261 100
278 443861 100
279 445461 100
280 447061 100
281 448661 100
282 450261 100
283 451861 100
284 453461 100
285 455061 100
286 456661 100
287 458261 100
288 459861 100
289 461462 100
290 463062 100
291 464662 100
292 466262 100
293 467862 100
294 469462 100
295 471062 100
296 472662 100
297 474262 100
298 475862 100
299 477463 100
300 479062 100
301 480662 100
302 482262 100
303 483862 100
304 485462 100
305 487062 100
306 488662 100
307 490262 100
308 491862 100
309 493462 100
310 495062 100
311 496662 100
312 498263 100
313 499863 100
314 501463 100
315 503063 100
316 504663 100
317 506263 100
318 507864 100
319 509463 100
320 511063 100
321 512663 100
322 514263 100
323 515863 100
324 517463 100
325 519063 100
326 520663 100
327 522263 100
328 523863 100
329 525463 100
330 527063 100
331 528663 100
332 530263 100
333 531863 100
334 533463 100
335 535063 100
336 536664 100
337 538264 100
338 539864 100
339 541464 100
340 543064 100
341 544664 100
342 546264 100
343 547864 100
344 549464 100
345 551064 100
346 552664 100
347 554265 100
348 555864 100
349 557464 100
350 559064 100
351 560664 100
352 562264 100
353 563864 100
354 565464 100
355 567064 100
356 568664 100
357 570264 100
358 571864 100
359 573464 100
360 575064 100
361 576664 100
362 578265 100
363 579865 100
364 581465 100
365 583065 100
366 584665 100
367 586265 100
368 587865 100
369 589465 100
370 591065 100
371 592665 100
372 594265 100
373 595865 100
374 597465 100
375 599065 100
376 600666 100
377 602265 100
378 603865 100
379 605465 100
380 607065 100
381 608665 100
382 610265 100
383 611865 100
384 613465 100
385 615065 100
386 616665 100
387 618266 100
388 619866 100
389 621466 100
390 623066 100
391 624666 100
392 626266 100
393 627866 100
394 629466 100
395 631066 100
396 632666 100
397 634266 100
398 635866 100
399 637466 100
400 639066 100
401 640666 100
402 642266 100
403 643866 100
404 645466 100
405 647067 100
406 648666 100
407 650266 100
408 651866 100
409 653466 100
410 655067 100
411 656667 100
412 658267 100
413 659867 100
414 661467 100
415 663067 100
416 664667 100
417 666267 100
418 667867 100
419 669467 100
420 671067 100
421 672667 100
422 674267 100
423 675867 100
424 677467 100
425 679067 100
426 680667 100
427 682267 100
428 683867 100
429 685467 100
430 687067 100
431 688667 100
432 690267 100
433 691867 100
434 693469 100
435 695068 100
436 696668 100
437 698268 100
438 699868 100
439 701468 100
440 703068 100
441 704668 100
442 706268 100
443 707868 100
444 709468 100
445 711068 100
446 712668 100
447 714268 100
448 715868 100
449 717468 100
450 719068 100
451 720668 100
452 722268 100
453 723868 100
454 725468 100
455 727068 100
456 728668 100
457 730268 100
458 731868 100
459 733468 100
460 735069 100
461 736669 100
462 738269 100
463 739870 100
464 741469 100
465 743069 100
466 744669 100
467 746269 100
468 747869 100
469 749469 100
470 751069 100
471 752669 100
472 754269 100
473 755869 100
474 757469 100
475 759069 100
476 760669 100
477 762269 100
478 763869 100
479 765469 100
480 767069 100
481 768669 100
482 770269 100
483 771869 100
484 773470 100
485 775070 100
486 776670 100
487 778270 100
488 779870 100
489 781470 100
490 783070 100
491 784670 100
492 786272 100
493 787870 100
494 789470 100
495 791070 100
496 792670 100
497 794270 100
498 795870 100
499 797470 100
500 799070 100
501 800670 100
502 802270 100
503 803870 100
504 805470 100
505 807070 100
506 808670 100
507 810270 100
508 811871 100
509 813471 100
510 815071 100
511 816671 100
512 818271 100
513 819871 100
514 821471 100
515 823071 100
516 824671 100
517 826271 100
518 827871 100
519 829471 100
520 831071 100
521 832672 100
522 834271 100
523 835871 100
524 837471 100
525 839071 100
526 840671 100
527 842271 100
528 843871 100
529 845471 100
530 847071 100
531 848671 100
532 850272 100
533 851872 100
534 853472 100
535 855072 100
536 856672 100
537 858272 100
538 859872 100
539 861472 100
540 863072 100
541 864672 100
542 866272 100
543 867872 100
544 869472 100
545 871072 100
546 872672 100
547 874272 100
548 875872 100
549 877472 100
550 879073 100
551 880672 100
552 882272 100
553 883872 100
554 885472 100
555 887072 100
556 888673 100
557 890273 100
558 891873 100
559 893473 100
560 895073 100
561 896673 100
562 898273 100
563 899873 100
564 901473 100
565 903073 100
566 904673 100
567 906273 100
568 907873 100
569 909473 100
570 911073 100
571 912673 100
572 914273 100
573 915873 100
574 917473 100
575 919073 100
576 920673 100
577 922273 100
578 923873 100
579 925474 100
580 927074 100
581 928674 100
582 930274 100
583 931874 100
584 933474 100
585 935074 100
586 936674 100
587 938274 100
588 939874 100
589 941474 100
590 943074 100
591 944674 100
592 946274 100
593 947874 100
594 949474 100
595 951074 100
596 952674 100
597 954274 100
598 955874 100
599 957474 100
600 959074 100
601 960674 100
602 962274 100
603 963874 100
604 965474 100
605 967074 100
606 968675 100
607 970275 100
608 971876 100
609 973475 100
610 975075 100
611 976675 100
612 978275 100
613 979875 100
614 981475 100
615 983075 100
616 984675 100
617 986275 100
618 987875 100
619 989475 100
620 991075 100
621 992675 100
622 994275 100
623 995875 100
624 997475 100
625 999075 100
626 1000675 100
627 1002275 100
628 1003875 100
629 1005475 100
630 1007075 100
631 1008676 100
632 1010276 100
633 1011876 100
634 1013476 100
635 1015076 100
636 1016676 100
637 1018277 100
638 1019876 100
639 1021476 100
640 1023076 100
641 1024676 100
642 1026276 100
643 1027876 100
644 1029476 100
645 1031076 100
646 1032676 100
647 1034276 100
648 1035876 100
649 1037476 100
650 1039076 100
651 1040676 100
652 1042276 100
653 1043876 100
654 1045476 100
655 1047076 100
656 1048677 100
657 1050277 100
658 1051877 100
659 1053477 100
660 1055077 100
661 1056677 100
662 1058277 100
663 1059877 100
664 1061477 100
665 1063077 100
666 1064678 100
667 1066277 100
668 1067877 100
669 1069477 100
670 1071077 100
671 1072677 100
672 1074277 100
673 1075877 100
674 1077477 100
675 1079077 100
676 1080677 100
677 1082277 100
678 1083877 100
679 1085477 100
680 1087078 100
681 1088678 100
682 1090278 100
683 1091878 100
684 1093478 100
685 1095078 100
686 1096678 100
687 1098278 100
688 1099878 100
689 1101478 100
690 1103078 100
691 1104678 100
692 1106278 100
693 1107878 100
694 1109478 100
695 1111079 100
696 1112678 100
697 1114278 100
698 1115878 100
699 1117478 100
700 1119078 100
701 1120678 100
702 1122278 100
703 1123878 100
704 1125479 100
705 1127079 100
706 1128679 100
707 1130279 100
708 1131879 100
709 1133479 100
710 1135079 100
711 1136679 100
712 1138279 100
713 1139879 100
714 1141479 100
715 1143079 100
716 1144679 100
717 1146279 100
718 1147879 100
719 1149479 100
720 1151079 100
721 1152679 100
722 1154279 100
723 1155879 100
724 1157480 100
725 1159079 100
726 1160679 100
727 1162279 100
728 1163879 100
729 1165479 100
730 1167080 100
731 1168680 100
732 1170280 100
733 1171880 100
734 1173480 100
735 1175080 100
736 1176680 100
737 1178280 100
738 1179880 100
739 1181480 100
740 1183080 100
741 1184680 100
742 1186280 100
743 1187880 100
744 1189480 100
745 1191080 100
746 1192680 100
747 1194280 100
748 1195880 100
749 1197480 100
750 1199080 100
751 1200680 100
752 1202280 100
753 1203882 100
754 1205481 100
755 1207081 100
756 1208681 100
757 1210281 100
758 1211881 100
759 1213481 100
760 1215081 100
761 1216681 100
762 1218281 100
763 1219881 100
764 1221481 100
765 1223081 100
766 1224681 100
767 1226281 100
768 1227881 100
769 1229481 100
770 1231081 100
771 1232681 100
772 1234281 100
773 1235881 100
774 1237481 100
775 1239081 100
776 1240681 100
777 1242281 100
778 1243882 100
779 1245482 100
780 1247082 100
781 1248682 100
782 1250283 100
783 1251882 100
784 1253482 100
785 1255082 100
786 1256682 100
787 1258282 100
788 1259882 100
789 1261482 100
790 1263082 100
791 1264682 100
792 1266282 100
793 1267882 100
794 1269482 100
795 1271082 100
796 1272682 100
797 1274282 100
798 1275882 100
799 1277482 100
800 1279082 100
801 1280682 100
802 1282282 100
803 1283883 100
804 1285483 100
805 1287083 100
806 1288683 100
807 1290283 100
808 1291883 100
809 1293483 100
810 1295083 100
811 1296684 100
812 1298283 100
813 1299883 100
814 1301483 100
815 1303083 100
816 1304683 100
817 1306283 100
818 1307883 100
819 1309483 100
820 1311083 100
821 1312683 100
822 1314283 100
823 1315883 100
824 1317483 100
825 1319083 100
826 1320683 100
827 1322283 100
828 1323884 100
829 1325484 100
830 1327087 100
831 1328684 100
832 1330284 100
833 1331884 100
834 1333484 100
835 1335084 100
836 1336684 100
837 1338284 100
838 1339884 100
839 1341484 100
840 1343084 100
841 1344684 100
842 1346284 100
843 1347884 100
844 1349484 100
845 1351084 100
846 1352684 100
847 1354284 100
848 1355884 100
849 1357484 100
850 1359084 100
851 1360685 100
852 1362285 100
853 1363885 100
854 1365485 100
855 1367085 100
856 1368685 100
857 1370285 100
858 1371885 100
859 1373486 100
860 1375085 100
861 1376685 100
862 1378285 100
863 1379885 100
864 1381485 100
865 1383085 100
866 1384685 100
867 1386285 100
868 1387885 100
869 1389485 100
870 1391085 100
871 1392685 100
872 1394285 100
873 1395885 100
874 1397485 100
875 1399086 100
876 1400686 100
877 1402286 100
878 1403886 100
879 1405486 100
880 1407086 100
881 1408686 100
882 1410286 100
883 1411886 100
884 1413486 100
885 1415086 100
886 1416686 100
887 1418286 100
888 1419887 100
889 1421486 100
890 1423086 100
891 1424686 100
892 1426286 100
893 1427886 100
894 1429486 100
895 1431086 100
896 1432686 100
897 1434286 100
898 1435886 100
899 1437486 100
900 1439087 100
901 1440687 100
902 1442287 100
903 1443887 100
904 1445487 100
905 1447087 100
906 1448687 100
907 1450287 100
908 1451887 100
909 1453487 100
910 1455087 100
911 1456687 100
912 1458287 100
913 1459887 100
914 1461487 100
915 1463087 100
916 1464687 100
917 1466288 100
918 1467887 100
919 1469487 100
920 1471087 100
921 1472687 100
922 1474287 100
923 1475888 100
924 1477488 100
925 1479088 100
926 1480688 100
927 1482288 100
928 1483888 100
929 1485488 100
930 1487088 100
931 1488688 100
932 1490288 100
933 1491888 100
934 1493488 100
935 1495088 100
936 1496688 100
937 1498288 100
938 1499888 100
939 1501488 100
940 1503088 100
941 1504688 100
942 1506288 100
943 1507888 100
944 1509488 100
945 1511088 100
946 1512690 100
947 1514289 100
948 1515889 100
949 1517489 100
950 1519089 100
951 1520689 100
952 1522289 100
953 1523889 100
954 1525489 100
955 1527089 100
956 1528689 100
957 1530289 100
958 1531889 100
959 1533489 100
960 1535089 100
961 1536689 100
962 1538289 100
963 1539889 100
964 1541489 100
965 1543089 100
966 1544689 100
967 1546289 100
968 1547889 100
969 1549489 100
970 1551090 100
971 1552690 100
972 1554290 100
973 1555890 100
974 1557490 100
975 1559091 100
976 1560690 100
977 1562290 100
978 1563890 100
979 1565490 100
980 1567090 100
981 1568690 100
982 1570290 100
983 1571890 100
984 1573490 100
985 1575090 100
986 1576690 100
987 1578290 100
988 1579890 100
989 1581490 100
990 1583090 100
991 1584690 100
992 1586290 100
993 1587890 100
994 1589491 100
995 1591091 100
996 1592691 100
997 1594291 100
998 1595891 100
999 1597491 100
1000 1599091 100
1001 1600691 100
1002 1602291 100
1003 1603891 100
1004 1605492 100
1005 1607091 100
1006 1608691 100
1007 1610291 100
1008 1611891 100
1009 1613491 100
1010 1615091 100
1011 1616691 100
1012 1618291 100
1013 1619891 100
1014 1621491 100
1015 1623091 100
1016 1624691 100
1017 1626292 100
1018 1627892 100
1019 1629492 100
1020 1631092 100
1021 1632692 100
1022 1634292 100
1023 1635892 100
1024 1637492 100
1025 1639092 100
1026 1640692 100
1027 1642292 100
1028 1643892 100
1029 1645492 100
1030 1647092 100
1031 1648692 100
1032 1650292 100
1033 1651893 100
1034 1653492 100
1035 1655092 100
1036 1656692 100
1037 1658292 100
1038 1659892 100
1039 1661492 100
1040 1663092 100
1041 1664693 100
1042 1666293 100
1043 1667893 100
1044 1669493 100
1045 1671093 100
1046 1672693 100
1047 1674293 100
1048 1675893 100
1049 1677493 100
1050 1679093 100
1051 1680693 100
1052 1682293 100
1053 1683893 100
1054 1685493 100
1055 1687093 100
1056 1688693 100
1057 1690293 100
1058 1691893 100
1059 1693493 100
1060 1695093 100
1061 1696693 100
1062 1698294 100
1063 1699893 100
1064 1701494 100
1065 1703094 100
1066 1704694 100
1067 1706294 100
1068 1707894 100
1069 1709494 100
1070 1711094 100
1071 1712694 100
1072 1714294 100
1073 1715894 100
1074 1717494 100
1075 1719094 100
1076 1720694 100
1077 1722294 100
1078 1723894 100
1079 1725494 100
1080 1727094 100
1081 1728694 100
1082 1730294 100
1083 1731894 100
1084 1733494 100
1085 1735094 100
1086 1736694 100
1087 1738294 100
1088 1739894 100
1089 1741495 100
1090 1743095 100
1091 1744696 100
1092 1746295 100
1093 1747895 100
1094 1749495 100
1095 1751095 100
1096 1752695 100
1097 1754295 100
1098 1755895 100
1099 1757495 100
1100 1759095 100
1101 1760695 100
1102 1762295 100
1103 1763895 100
1104 1765495 100
1105 1767095 100
1106 1768695 100
1107 1770295 100
1108 1771895 100
1109 1773495 100
1110 1775095 100
1111 1776695 100
1112 1778296 100
1113 1779896 100
1114 1781496 100
1115 1783096 100
1116 1784696 100
1117 1786296 100
1118 1787896 100
1119 1789496 100
1120 1791100 100
1121 1792696 100
1122 1794296 100
1123 1795896 100
1124 1797496 100
1125 1799096 100
1126 1800696 100
1127 1802296 100
1128 1803896 100
1129 1805496 100
1130 1807096 100
1131 1808696 100
1132 1810296 100
1133 1811896 100
1134 1813496 100
1135 1815097 100
1136 1816697 100
1137 1818297 100
1138 1819897 100
1139 1821497 100
1140 1823097 100
1141 1824697 100
1142 1826297 100
1143 1827897 100
1144 1829497 100
1145 1831097 100
1146 1832697 100
1147 1834297 100
1148 1835897 100
1149 1837498 100
1150 1839097 100
1151 1840697 100
1152 1842297 100
1153 1843897 100
1154 1845497 100
1155 1847097 100
1156 1848697 100
1157 1850298 100
1158 1851898 100
1159 1853498 100
1160 1855098 100
1161 1856698 100
1162 1858298 100
1163 1859898 100
1164 1861498 100
1165 1863098 100
1166 1864698 100
1167 1866298 100
1168 1867898 100
1169 1869498 100
1170 1871098 100
1171 1872698 100
1172 1874298 100
1173 1875898 100
1174 1877498 100
1175 1879098 100
1176 1880698 100
1177 1882298 100
1178 1883900 100
1179 1885498 100
1180 1887098 100
1181 1888699 100
1182 1890299 100
1183 1891899 100
1184 1893499 100
1185 1895099 100
1186 1896699 100
1187 1898299 100
1188 1899899 100
1189 1901499 100
1190 1903099 100
1191 1904699 100
1192 1906299 100
1193 1907899 100
1194 1909499 100
1195 1911099 100
1196 1912699 100
1197 1914299 100
1198 1915899 100
1199 1917499 100
1200 1919099 100
1201 1920699 100
1202 1922299 100
1203 1923899 100
1204 1925500 100
1205 1927100 100
1206 1928700 100
1207 1930301 100
1208 1931900 100
1209 1933500 100
1210 1935100 100
1211 1936700 100
1212 1938300 100
1213 1939900 100
1214 1941500 100
1215 1943100 100
1216 1944700 100
1217 1946300 100
1218 1947900 100
1219 1949500 100
1220 1951100 100
1221 1952700 100
1222 1954300 100
1223 1955900 100
1224 1957500 100
1225 1959100 100
1226 1960700 100
1227 1962300 100
1228 1963901 100
1229 1965501 100
1230 1967101 100
1231 1968701 100
1232 1970301 100
1233 1971901 100
1234 1973501 100
1235 1975101 100
1236 1976702 100
1237 1978301 100
1238 1979901 100
1239 1981501 100
1240 1983101 100
1241 1984701 100
1242 1986301 100
1243 1987901 100
1244 1989501 100
1245 1991101 100
1246 1992701 100
1247 1994301 100
1248 1995901 100
1249 1997501 100
1250 1999101 100
1251 2000702 100
1252 2002302 100
1253 2003902 100
1254 2005502 100
1255 2007102 100
1256 2008702 100
1257 2010302 100
1258 2011902 100
1259 2013502 100
1260 2015102 100
1261 2016702 100
1262 2018302 100
1263 2019902 100
1264 2021502 100
1265 2023103 100
1266 2024702 100
1267 2026302 100
1268 2027902 100
1269 2029502 100
1270 2031102 100
1271 2032702 100
1272 2034302 100
1273 2035902 100
1274 2037503 100
1275 2039103 100
1276 2040703 100
1277 2042303 100
1278 2043903 100
1279 2045503 100
1280 2047103 100
1281 2048703 100
1282 2050303 100
1283 2051903 100
1284 2053503 100
1285 2055103 100
1286 2056703 100
1287 2058303 100
1288 2059903 100
1289 2061503 100
1290 2063103 100
1291 2064703 100
1292 2066303 100
1293 2067903 100
1294 2069504 100
1295 2071103 100
1296 2072703 100
1297 2074303 100
1298 2075903 100
1299 2077504 100
1300 2079104 100
1301 2080704 100
1302 2082304 100
1303 2083904 100
1304 2085504 100
1305 2087104 100
1306 2088704 100
1307 2090304 100
1308 2091904 100
1309 2093504 100
1310 2095104 100
1311 2096704 100
1312 2098304 100
1313 2099904 100
1314 2101504 100
1315 2103104 100
1316 2104704 100
1317 2106304 100
1318 2107904 100
1319 2109504 100
1320 2111104 100
1321 2112704 100
1322 2114305 100
1323 2115906 100
1324 2117505 100
1325 2119105 100
1326 2120705 100
1327 2122305 100
1328 2123905 100
1329 2125505 100
1330 2127105 100
1331 2128705 100
1332 2130305 100
1333 2131905 100
1334 2133505 100
1335 2135105 100
1336 2136705 100
1337 2138305 100
1338 2139905 100
1339 2141505 100
1340 2143105 100
1341 2144705 100
1342 2146306 100
1343 2147905 100
1344 2149505 100
1345 2151106 100
1346 2152706 100
1347 2154306 100
1348 2155906 100
1349 2157506 100
1350 2159106 100
1351 2160706 100
1352 2162306 100
1353 2163906 100
1354 2165506 100
1355 2167106 100
1356 2168706 100
1357 2170306 100
1358 2171906 100
1359 2173506 100
1360 2175106 100
1361 2176706 100
1362 2178306 100
1363 2179906 100
1364 2181506 100
1365 2183106 100
1366 2184706 100
1367 2186306 100
1368 2187906 100
1369 2189507 100
1370 2191107 100
1371 2192708 100
1372 2194307 100
1373 2195907 100
1374 2197507 100
1375 2199107 100
1376 2200707 100
1377 2202307 100
1378 2203907 100
1379 2205507 100
1380 2207107 100
1381 2208707 100
1382 2210307 100
1383 2211907 100
1384 2213507 100
1385 2215107 100
1386 2216707 100
1387 2218307 100
1388 2219907 100
1389 2221507 100
1390 2223107 100
1391 2224707 100
1392 2226308 100
1393 2227908 100
1394 2229508 100
1395 2231108 100
1396 2232708 100
1397 2234308 100
1398 2235908 100
1399 2237508 100
1400 2239109 100
1401 2240708 100
1402 2242308 100
1403 2243908 100
1404 2245508 100
1405 2247108 100
1406 2248708 100
1407 2250308 100
1408 2251908 100
1409 2253508 100
1410 2255108 100
1411 2256708 100
1412 2258308 100
1413 2259908 100
1414 2261508 100
1415 2263108 100
1416 2264709 100
1417 2266309 100
1418 2267909 100
1419 2269509 100
1420 2271109 100
1421 2272709 100
1422 2274309 100
1423 2275909 100
1424 2277509 100
1425 2279109 100
1426 2280709 100
1427 2282309 100
1428 2283909 100
1429 2285511 100
1430 2287109 100
1431 2288709 100
1432 2290309 100
1433 2291909 100
1434 2293509 100
1435 2295109 100
1436 2296709 100
1437 2298309 100
1438 2299910 100
1439 2301510 100
1440 2303110 100
1441 2304710 100
1442 2306310 100
1443 2307910 100
1444 2309510 100
1445 2311110 100
1446 2312710 100
1447 2314310 100
1448 2315910 100
1449 2317510 100
1450 2319110 100
1451 2320710 100
1452 2322310 100
1453 2323910 100
1454 2325510 100
1455 2327110 100
1456 2328710 100
1457 2330310 100
1458 2331911 100
1459 2333510 100
1460 2335110 100
1461 2336710 100
1462 2338311 100
1463 2339911 100
1464 2341511 100
1465 2343111 100
1466 2344711 100
1467 2346311 100
1468 2347911 100
1469 2349511 100
1470 2351111 100
1471 2352711 100
1472 2354311 100
1473 2355911 100
1474 2357511 100
1475 2359111 100
1476 2360711 100
1477 2362311 100
1478 2363911 100
1479 2365511 100
1480 2367111 100
1481 2368711 100
1482 2370311 100
1483 2371911 100
1484 2373511 100
1485 2375111 100
1486 2376711 100
1487 2378313 100
1488 2379912 100
1489 2381512 100
1490 2383112 100
1491 2384712 100
1492 2386312 100
1493 2387912 100
1494 2389512 100
1495 2391112 100
1496 2392712 100
1497 2394312 100
1498 2395912 100
1499 2397512 100
1500 2399112 100
1501 2400712 100
1502 2402312 100
1503 2403912 100
1504 2405512 100
1505 2407112 100
1506 2408712 100
1507 2410312 100
1508 2411912 100
1509 2413512 100
1510 2415112 100
1511 2416713 100
1512 2418313 100
1513 2419913 100
1514 2421513 100
1515 2423113 100
1516 2424714 100
1517 2426313 100
1518 2427913 100
1519 2429513 100
1520 2431113 100
1521 2432713 100
1522 2434313 100
1523 2435913 100
1524 2437513 100
1525 2439113 100
1526 2440713 100
1527 2442313 100
1528 2443913 100
1529 2445513 100
1530 2447113 100
1531 2448713 100
1532 2450313 100
1533 2451913 100
1534 2453514 100
1535 2455114 100
1536 2456714 100
1537 2458314 100
1538 2459914 100
1539 2461514 100
1540 2463114 100
1541 2464714 100
1542 2466314 100
1543 2467914 100
1544 2469514 100
1545 2471114 100
1546 2472714 100
1547 2474314 100
1548 2475914 100
1549 2477514 100
1550 2479114 100
1551 2480714 100
1552 2482314 100
1553 2483916 100
1554 2485514 100
1555 2487114 100
1556 2488714 100
1557 2490314 100
1558 2491914 100
1559 2493515 100
1560 2495115 100
1561 2496715 100
1562 2498315 100
1563 2499915 100
1564 2501515 100
1565 2503115 100
1566 2504715 100
1567 2506315 100
1568 2507915 100
1569 2509515 100
1570 2511115 100
1571 2512715 100
1572 2514315 100
1573 2515915 100
1574 2517515 100
1575 2519115 100
1576 2520715 100
1577 2522315 100
1578 2523915 100
1579 2525515 100
1580 2527115 100
1581 2528715 100
1582 2530317 100
1583 2531916 100
1584 2533516 100
1585 2535116 100
1586 2536716 100
1587 2538316 100
1588 2539916 100
1589 2541516 100
1590 2543116 100
1591 2544716 100
1592 2546316 100
1593 2547916 100
1594 2549516 100
1595 2551116 100
1596 2552716 100
1597 2554316 100
1598 2555916 100
1599 2557516 100
1600 2559116 100
1601 2560718 100
1602 2562316 100
1603 2563916 100
1604 2565516 100
1605 2567116 100
1606 2568716 100
1607 2570317 100
1608 2571917 100
1609 2573517 100
1610 2575117 100
1611 2576717 100
1612 2578317 100
1613 2579917 100
1614 2581517 100
1615 2583117 100
1616 2584717 100
1617 2586317 100
1618 2587917 100
1619 2589517 100
1620 2591117 100
1621 2592717 100
1622 2594317 100
1623 2595917 100
1624 2597517 100
1625 2599117 100
1626 2600717 100
1627 2602317 100
1628 2603917 100
1629 2605517 100
1630 2607119 100
1631 2608718 100
1632 2610318 100
1633 2611918 100
1634 2613518 100
1635 2615118 100
1636 2616718 100
1637 2618318 100
1638 2619918 100
1639 2621518 100
1640 2623118 100
1641 2624718 100
1642 2626318 100
1643 2627918 100
1644 2629518 100
1645 2631118 100
1646 2632718 100
1647 2634318 100
1648 2635918 100
1649 2637518 100
1650 2639118 100
1651 2640718 100
1652 2642318 100
1653 2643918 100
1654 2645518 100
1655 2647119 100
1656 2648719 100
1657 2650319 100
1658 2651919 100
1659 2653521 100
1660 2655119 100
1661 2656719 100
1662 2658319 100
1663 2659919 100
1664 2661519 100
1665 2663119 100
1666 2664719 100
1667 2666319 100
1668 2667919 100
1669 2669519 100
1670 2671119 100
1671 2672719 100
1672 2674319 100
1673 2675919 100
1674 2677519 100
1675 2679119 100
1676 2680719 100
1677 2682319 100
1678 2683919 100
1679 2685519 100
1680 2687120 100
1681 2688720 100
1682 2690320 100
1683 2691920 100
1684 2693520 100
1685 2695120 100
1686 2696720 100
1687 2698320 100
1688 2699921 100
1689 2701520 100
1690 2703120 100
1691 2704720 100
1692 2706320 100
1693 2707920 100
1694 2709520 100
1695 2711120 100
1696 2712720 100
1697 2714320 100
1698 2715920 100
1699 2717520 100
1700 2719120 100
1701 2720720 100
1702 2722320 100
1703 2723920 100
1704 2725520 100
1705 2727121 100
1706 2728721 100
1707 2730321 100
1708 2731921 100
1709 2733521 100
1710 2735121 100
1711 2736721 100
1712 2738321 100
1713 2739921 100
1714 2741521 100
1715 2743121 100
1716 2744721 100
1717 2746322 100
1718 2747921 100
1719 2749521 100
1720 2751121 100
1721 2752721 100
1722 2754321 100
1723 2755921 100
1724 2757521 100
1725 2759121 100
1726 2760721 100
1727 2762321 100
1728 2763922 100
1729 2765522 100
1730 2767122 100
1731 2768722 100
1732 2770322 100
1733 2771922 100
1734 2773522 100
1735 2775122 100
1736 2776722 100
1737 2778322 100
1738 2779922 100
1739 2781522 100
1740 2783122 100
1741 2784722 100
1742 2786322 100
1743 2787922 100
1744 2789522 100
1745 2791122 100
1746 2792724 100
1747 2794322 100
1748 2795922 100
1749 2797522 100
1750 2799122 100
1751 2800722 100
1752 2802323 100
1753 2803923 100
1754 2805523 100
1755 2807123 100
1756 2808723 100
1757 2810323 100
1758 2811923 100
1759 2813523 100
1760 2815123 100
1761 2816723 100
1762 2818323 100
1763 2819923 100
1764 2821523 100
1765 2823123 100
1766 2824723 100
1767 2826323 100
1768 2827923 100
1769 2829523 100
1770 2831123 100
1771 2832723 100
1772 2834323 100
1773 2835923 100
1774 2837523 100
1775 2839125 100
1776 2840724 100
1777 2842324 100
1778 2843924 100
1779 2845524 100
1780 2847124 100
1781 2848724 100
1782 2850324 100
1783 2851924 100
1784 2853524 100
1785 2855124 100
1786 2856724 100
1787 2858324 100
1788 2859924 100
1789 2861524 100
1790 2863124 100
1791 2864724 100
1792 2866324 100
1793 2867924 100
1794 2869524 100
1795 2871124 100
1796 2872724 100
1797 2874324 100
1798 2875925 100
1799 2877525 100
1800 2879125 100
1801 2880725 100
1802 2882325 100
1803 2883925 100
1804 2885526 100
1805 2887125 100
1806 2888725 100
1807 2890325 100
1808 2891925 100
1809 2893525 100
1810 2895125 100
1811 2896725 100
1812 2898325 100
1813 2899925 100
1814 2901525 100
1815 2903125 100
1816 2904725 100
1817 2906325 100
1818 2907925 100
1819 2909525 100
1820 2911125 100
1821 2912725 100
1822 2914326 100
1823 2915926 100
1824 2917526 100
1825 2919126 100
1826 2920726 100
1827 2922326 100
1828 2923926 100
1829 2925526 100
1830 2927126 100
1831 2928726 100
1832 2930326 100
1833 2931927 100
1834 2933526 100
1835 2935126 100
1836 2936726 100
1837 2938326 100
1838 2939926 100
1839 2941526 100
1840 2943126 100
1841 2944726 100
1842 2946326 100
1843 2947926 100
1844 2949526 100
1845 2951126 100
1846 2952727 100
1847 2954327 100
1848 2955927 100
1849 2957527 100
1850 2959127 100
1851 2960727 100
1852 2962327 100
1853 2963927 100
1854 2965527 100
1855 2967127 100
1856 2968727 100
1857 2970327 100
1858 2971927 100
1859 2973527 100
1860 2975127 100
1861 2976727 100
1862 2978328 100
1863 2979927 100
1864 2981527 100
1865 2983127 100
1866 2984727 100
1867 2986327 100
1868 2987927 100
1869 2989527 100
1870 2991127 100
1871 2992727 100
1872 2994328 100
1873 2995928 100
1874 2997528 100
1875 2999128 100
1876 3000728 100
1877 3002328 100
1878 3003928 100
1879 3005528 100
1880 3007128 100
1881 3008728 100
1882 3010328 100
1883 3011928 100
1884 3013528 100
1885 3015128 100
1886 3016728 100
1887 3018328 100
1888 3019928 100
1889 3021528 100
1890 3023128 100
1891 3024729 100
1892 3026328 100
1893 3027928 100
1894 3029528 100
1895 3031128 100
1896 3032728 100
1897 3034329 100
1898 3035929 100
1899 3037529 100
1900 3039130 100
1901 3040729 100
1902 3042329 100
1903 3043929 100
1904 3045529 100
1905 3047129 100
1906 3048729 100
1907 3050329 100
1908 3051929 100
1909 3053529 100
1910 3055129 100
1911 3056729 100
1912 3058329 100
1913 3059929 100
1914 3061529 100
1915 3063129 100
1916 3064729 100
1917 3066329 100
1918 3067929 100
1919 3069529 100
1920 3071129 100
1921 3072730 100
1922 3074330 100
1923 3075930 100
1924 3077530 100
1925 3079130 100
1926 3080730 100
1927 3082330 100
1928 3083930 100
1929 3085531 100
1930 3087130 100
1931 3088730 100
1932 3090330 100
1933 3091930 100
1934 3093530 100
1935 3095130 100
1936 3096730 100
1937 3098331 100
1938 3099930 100
1939 3101530 100
1940 3103130 100
1941 3104730 100
1942 3106330 100
1943 3107930 100
1944 3109530 100
1945 3111131 100
1946 3112731 100
1947 3114331 100
1948 3115931 100
1949 3117531 100
1950 3119131 100
1951 3120731 100
1952 3122331 100
1953 3123931 100
1954 3125531 100
1955 3127131 100
1956 3128731 100
1957 3130331 100
1958 3131931 100
1959 3133531 100
1960 3135131 100
1961 3136731 100
1962 3138331 100
1963 3139931 100
1964 3141531 100
1965 3143131 100
1966 3144732 100
1967 3146331 100
1968 3147931 100
1969 3149531 100
1970 3151132 100
1971 3152732 100
1972 3154332 100
1973 3155932 100
1974 3157532 100
1975 3159132 100
1976 3160732 100
1977 3162332 100
1978 3163932 100
1979 3165532 100
1980 3167132 100
1981 3168732 100
1982 3170332 100
1983 3171932 100
1984 3173532 100
1985 3175132 100
1986 3176732 100
1987 3178332 100
1988 3179932 100
1989 3181532 100
1990 3183132 100
1991 3184732 100
1992 3186332 100
1993 3187932 100
1994 3189532 100
1995 3191134 100
1996 3192733 100
1997 3194333 100
1998 3195933 100
1999 3197533 100
2000 3199133 100
2001 3200733 100
2002 3202333 100
2003 3203933 100
2004 3205533 100
2005 3207133 100
2006 3208733 100
2007 3210333 100
2008 3211933 100
2009 3213533 100
2010 3215133 100
2011 3216733 100
2012 3218333 100
2013 3219933 100
2014 3221533 100
2015 3223133 100
2016 3224733 100
2017 3226333 100
2018 3227934 100
2019 3229534 100
2020 3231134 100
2021 3232734 100
2022 3234334 100
2023 3235934 100
2024 3237535 100
2025 3239134 100
2026 3240734 100
2027 3242334 100
2028 3243934 100
2029 3245534 100
2030 3247134 100
2031 3248734 100
2032 3250334 100
2033 3251934 100
2034 3253534 100
2035 3255134 100
2036 3256734 100
2037 3258334 100
2038 3259934 100
2039 3261534 100
2040 3263134 100
2041 3264734 100
2042 3266334 100
2043 3267935 100
2044 3269535 100
2045 3271135 100
2046 3272735 100
2047 3274335 100
2048 3275935 100
2049 3277535 100
2050 3279135 100
2051 3280735 100
2052 3282335 100
2053 3283936 100
2054 3285535 100
2055 3287135 100
2056 3288735 100
2057 3290335 100
2058 3291935 100
2059 3293535 100
2060 3295135 100
2061 3296735 100
2062 3298335 100
2063 3299935 100
2064 3301535 100
2065 3303135 100
2066 3304736 100
2067 3306336 100
2068 3307936 100
2069 3309536 100
2070 3311136 100
2071 3312736 100
2072 3314336 100
2073 3315936 100
2074 3317536 100
2075 3319136 100
2076 3320736 100
2077 3322336 100
2078 3323936 100
2079 3325536 100
2080 3327136 100
2081 3328736 100
2082 3330337 100
2083 3331936 100
2084 3333536 100
2085 3335136 100
2086 3336736 100
2087 3338336 100
2088 3339936 100
2089 3341537 100
2090 3343137 100
2091 3344737 100
2092 3346337 100
2093 3347937 100
2094 3349537 100
2095 3351137 100
2096 3352737 100
2097 3354337 100
2098 3355937 100
2099 3357537 100
2100 3359137 100
2101 3360737 100
2102 3362337 100
2103 3363937 100
2104 3365537 100
2105 3367137 100
2106 3368737 100
2107 3370337 100
2108 3371937 100
2109 3373537 100
2110 3375137 100
2111 3376739 100
2112 3378337 100
2113 3379937 100
2114 3381538 100
2115 3383138 100
2116 3384738 100
2117 3386338 100
2118 3387938 100
2119 3389538 100
2120 3391138 100
2121 3392738 100
2122 3394338 100
2123 3395938 100
2124 3397538 100
2125 3399138 100
2126 3400738 100
2127 3402338 100
2128 3403938 100
2129 3405538 100
2130 3407138 100
2131 3408738 100
2132 3410338 100
2133 3411938 100
2134 3413538 100
2135 3415138 100
2136 3416738 100
2137 3418339 100
2138 3419939 100
2139 3421539 100
2140 3423140 100
2141 3424739 100
2142 3426339 100
2143 3427939 100
2144 3429539 100
2145 3431139 100
2146 3432739 100
2147 3434339 100
2148 3435939 100
2149 3437539 100
2150 3439139 100
2151 3440739 100
2152 3442339 100
2153 3443939 100
2154 3445539 100
2155 3447139 100
2156 3448739 100
2157 3450339 100
2158 3451939 100
2159 3453539 100
2160 3455140 100
2161 3456740 100
2162 3458340 100
2163 3459940 100
2164 3461540 100
2165 3463140 100
2166 3464740 100
2167 3466340 100
2168 3467940 100
2169 3469540 100
2170 3471140 100
2171 3472740 100
2172 3474340 100
2173 3475940 100
2174 3477540 100
2175 3479140 100
2176 3480740 100
2177 3482342 100
2178 3483940 100
2179 3485540 100
2180 3487140 100
2181 3488740 100
2182 3490340 100
2183 3491940 100
2184 3493541 100
2185 3495141 100
2186 3496741 100
2187 3498341 100
2188 3499941 100
2189 3501541 100
2190 3503141 100
2191 3504741 100
2192 3506341 100
2193 3507941 100
2194 3509541 100
2195 3511141 100
2196 3512741 100
2197 3514341 100
2198 3515941 100
2199 3517541 100
2200 3519141 100
2201 3520741 100
2202 3522341 100
2203 3523941 100
2204 3525541 100
2205 3527141 100
2206 3528743 100
2207 3530342 100
2208 3531942 100
2209 3533542 100
2210 3535142 100
2211 3536742 100
2212 3538342 100
2213 3539942 100
2214 3541542 100
2215 3543142 100
2216 3544742 100
2217 3546342 100
2218 3547942 100
2219 3549542 100
2220 3551142 100
2221 3552742 100
2222 3554342 100
2223 3555942 100
2224 3557542 100
2225 3559142 100
2226 3560742 100
2227 3562342 100
2228 3563942 100
2229 3565542 100
2230 3567142 100
2231 3568742 100
2232 3570342 100
2233 3571942 100
2234 3573543 100
2235 3575144 100
2236 3576743 100
2237 3578343 100
2238 3579943 100
2239 3581543 100
2240 3583143 100
2241 3584743 100
2242 3586343 100
2243 3587943 100
2244 3589543 100
2245 3591143 100
2246 3592743 100
2247 3594343 100
2248 3595943 100
2249 3597543 100
2250 3599143 100
2251 3600743 100
2252 3602343 100
2253 3603943 100
2254 3605543 100
2255 3607143 100
2256 3608743 100
2257 3610343 100
2258 3611944 100
2259 3613544 100
2260 3615144 100
2261 3616744 100
2262 3618344 100
2263 3619944 100
2264 3621545 100
2265 3623144 100
2266 3624744 100
2267 3626344 100
2268 3627944 100
2269 3629544 100
2270 3631144 100
2271 3632744 100
2272 3634344 100
2273 3635944 100
2274 3637544 100
2275 3639144 100
2276 3640744 100
2277 3642344 100
2278 3643944 100
2279 3645544 100
2280 3647144 100
2281 3648744 100
2282 3650345 100
2283 3651945 100
2284 3653545 100
2285 3655145 100
2286 3656745 100
2287 3658345 100
2288 3659945 100
2289 3661545 100
2290 3663145 100
2291 3664745 100
2292 3666345 100
2293 3667946 100
2294 3669545 100
2295 3671145 100
2296 3672745 100
2297 3674345 100
2298 3675945 100
2299 3677545 100
2300 3679145 100
2301 3680745 100
2302 3682345 100
2303 3683945 100
2304 3685545 100
2305 3687146 100
2306 3688746 100
2307 3690346 100
2308 3691946 100
2309 3693546 100
2310 3695146 100
2311 3696746 100
2312 3698346 100
2313 3699946 100
2314 3701546 100
2315 3703146 100
2316 3704746 100
2317 3706346 100
2318 3707946 100
2319 3709546 100
2320 3711146 100
2321 3712746 100
2322 3714347 100
2323 3715946 100
2324 3717546 100
2325 3719146 100
2326 3720746 100
2327 3722346 100
2328 3723946 100
2329 3725547 100
2330 3727147 100
2331 3728747 100
2332 3730347 100
2333 3731947 100
2334 3733547 100
2335 3735147 100
2336 3736747 100
2337 3738347 100
2338 3739947 100
2339 3741547 100
2340 3743147 100
2341 3744747 100
2342 3746347 100
2343 3747947 100
2344 3749547 100
2345 3751147 100
2346 3752747 100
2347 3754347 100
2348 3755947 100
2349 3757547 100
2350 3759148 100
2351 3760747 100
2352 3762347 100
2353 3763947 100
2354 3765548 100
2355 3767148 100
2356 3768748 100
2357 3770348 100
2358 3771948 100
2359 3773548 100
2360 3775148 100
2361 3776748 100
2362 3778348 100
2363 3779948 100
2364 3781548 100
2365 3783148 100
2366 3784748 100
2367 3786348 100
2368 3787948 100
2369 3789548 100
2370 3791148 100
2371 3792748 100
2372 3794348 100
2373 3795948 100
2374 3797548 100
2375 3799148 100
2376 3800748 100
2377 3802348 100
2378 3803949 100
2379 3805550 100
2380 3807149 100
2381 3808749 100
2382 3810349 100
2383 3811949 100
2384 3813549 100
2385 3815149 100
2386 3816749 100
2387 3818349 100
2388 3819949 100
2389 3821549 100
2390 3823149 100
2391 3824749 100
2392 3826349 100
2393 3827949 100
2394 3829549 100
2395 3831149 100
2396 3832749 100
2397 3834349 100
2398 3835949 100
2399 3837549 100
2400 3839149 100
2401 3840749 100
2402 3842349 100
2403 3843950 100
2404 3845550 100
2405 3847150 100
2406 3848750 100
2407 3850350 100
2408 3851951 100
2409 3853550 100
2410 3855150 100
2411 3856750 100
2412 3858350 100
2413 3859950 100
2414 3861550 100
2415 3863150 100
2416 3864750 100
2417 3866350 100
2418 3867950 100
2419 3869550 100
2420 3871150 100
2421 3872750 100
2422 3874350 100
2423 3875950 100
2424 3877550 100
2425 3879150 100
2426 3880750 100
2427 3882351 100
2428 3883951 100
2429 3885551 100
2430 3887151 100
2431 3888751 100
2432 3890351 100
2433 3891951 100
2434 3893551 100
2435 3895151 100
2436 3896751 100
2437 3898353 100
2438 3899951 100
2439 3901551 100
2440 3903151 100
2441 3904751 100
2442 3906351 100
2443 3907951 100
2444 3909551 100
2445 3911151 100
2446 3912751 100
2447 3914351 100
2448 3915951 100
2449 3917551 100
2450 3919151 100
2451 3920751 100
2452 3922352 100
2453 3923952 100
2454 3925552 100
2455 3927152 100
2456 3928752 100
2457 3930352 100
2458 3931952 100
2459 3933552 100
2460 3935152 100
2461 3936752 100
2462 3938352 100
2463 3939952 100
2464 3941552 100
2465 3943152 100
2466 3944753 100
2467 3946352 100
2468 3947952 100
2469 3949552 100
2470 3951152 100
2471 3952752 100
2472 3954352 100
2473 3955952 100
2474 3957552 100
2475 3959153 100
2476 3960753 100
2477 3962353 100
2478 3963953 100
2479 3965553 100
2480 3967153 100
2481 3968753 100
2482 3970353 100
2483 3971953 100
2484 3973553 100
2485 3975153 100
2486 3976753 100
2487 3978353 100
2488 3979953 100
2489 3981553 100
2490 3983153 100
2491 3984753 100
2492 3986353 100
2493 3987953 100
2494 3989553 100
2495 3991155 100
2496 3992753 100
2497 3994353 100
2498 3995953 100
2499 3997554 100
2500 3999154 100
2501 4000754 100
2502 4002354 100
2503 4003954 100
2504 4005555 100
2505 4007154 100
2506 4008754 100
2507 4010354 100
2508 4011954 100
2509 4013554 100
2510 4015154 100
2511 4016754 100
2512 4018354 100
2513 4019954 100
2514 4021554 100
2515 4023154 100
2516 4024754 100
2517 4026354 100
2518 4027954 100
2519 4029554 100
2520 4031154 100
2521 4032754 100
2522 4034354 100
2523 4035954 100
2524 4037554 100
2525 4039154 100
2526 4040755 100
2527 4042355 100
2528 4043955 100
2529 4045555 100
2530 4047155 100
2531 4048755 100
2532 4050355 100
2533 4051956 100
2534 4053555 100
2535 4055155 100
2536 4056755 100
2537 4058355 100
2538 4059955 100
2539 4061555 100
2540 4063155 100
2541 4064755 100
2542 4066355 100
2543 4067955 100
2544 4069555 100
2545 4071155 100
2546 4072755 100
2547 4074355 100
2548 4075955 100
2549 4077555 100
2550 4079155 100
2551 4080756 100
2552 4082356 100
2553 4083956 100
2554 4085556 100
2555 4087156 100
2556 4088756 100
2557 4090356 100
2558 4091956 100
2559 4093556 100
2560 4095156 100
2561 4096756 100
2562 4098358 100
2563 4099956 100
2564 4101556 100
2565 4103156 100
2566 4104756 100
2567 4106356 100
2568 4107956 100
2569 4109556 100
2570 4111156 100
2571 4112756 100
2572 4114356 100
2573 4115956 100
2574 4117556 100
2575 4119156 100
2576 4120756 100
2577 4122357 100
2578 4123957 100
2579 4125557 100
2580 4127157 100
2581 4128757 100
2582 4130357 100
2583 4131957 100
2584 4133557 100
2585 4135157 100
2586 4136757 100
2587 4138357 100
2588 4139957 100
2589 4141557 100
2590 4143157 100
2591 4144758 100
2592 4146357 100
2593 4147957 100
2594 4149557 100
2595 4151157 100
2596 4152757 100
2597 4154357 100
2598 4155957 100
2599 4157557 100
2600 4159157 100
2601 4160757 100
2602 4162358 100
2603 4163958 100
2604 4165558 100
2605 4167158 100
2606 4168758 100
2607 4170358 100
2608 4171958 100
2609 4173558 100
2610 4175158 100
2611 4176758 100
2612 4178358 100
2613 4179958 100
2614 4181558 100
2615 4183158 100
2616 4184758 100
2617 4186358 100
2618 4187958 100
2619 4189558 100
2620 4191159 100
2621 4192758 100
2622 4194358 100
2623 4195958 100
2624 4197558 100
2625 4199158 100
2626 4200758 100
2627 4202359 100
2628 4203959 100
2629 4205559 100
2630 4207159 100
2631 4208759 100
2632 4210359 100
2633 4211959 100
2634 4213559 100
2635 4215159 100
2636 4216759 100
2637 4218359 100
2638 4219959 100
2639 4221559 100
2640 4223159 100
2641 4224759 100
2642 4226359 100
2643 4227959 100
2644 4229559 100
2645 4231159 100
2646 4232759 100
2647 4234359 100
2648 4235959 100
2649 4237560 100
2650 4239159 100
2651 4240759 100
2652 4242360 100
2653 4243960 100
2654 4245560 100
2655 4247160 100
2656 4248760 100
2657 4250360 100
2658 4251960 100
2659 4253560 100
2660 4255160 100
2661 4256760 100
2662 4258360 100
2663 4259960 100
2664 4261560 100
2665 4263160 100
2666 4264760 100
2667 4266360 100
2668 4267960 100
2669 4269560 100
2670 4271160 100
2671 4272760 100
2672 4274360 100
2673 4275960 100
2674 4277560 100
2675 4279160 100
2676 4280760 100
2677 4282360 100
2678 4283961 100
2679 4285561 100
2680 4287161 100
2681 4288761 100
2682 4290361 100
2683 4291961 100
2684 4293561 100
2685 4295161 100
2686 4296761 100
2687 4298361 100
2688 4299961 100
2689 4301561 100
2690 4303161 100
2691 4304761 100
2692 4306361 100
2693 4307961 100
2694 4309561 100
2695 4311161 100
2696 4312761 100
2697 4314361 100
2698 4315961 100
2699 4317561 100
2700 4319161 100
2701 4320761 100
2702 4322361 100
2703 4323962 100
2704 4325562 100
2705 4327162 100
2706 4328762 100
2707 4330362 100
2708 4331962 100
2709 4333562 100
2710 4335162 100
2711 4336762 100
2712 4338362 100
2713 4339962 100
2714 4341562 100
2715 4343162 100
2716 4344763 100
2717 4346362 100
2718 4347962 100
2719 4349562 100
2720 4351162 100
2721 4352762 100
2722 4354362 100
2723 4355962 100
2724 4357562 100
2725 4359162 100
2726 4360762 100
2727 4362362 100
2728 4363962 100
2729 4365562 100
2730 4367163 100
2731 4368763 100
2732 4370363 100
2733 4371963 100
2734 4373563 100
2735 4375163 100
2736 4376763 100
2737 4378363 100
2738 4379963 100
2739 4381563 100
2740 4383163 100
2741 4384763 100
2742 4386363 100
2743 4387963 100
2744 4389563 100
2745 4391164 100
2746 4392763 100
2747 4394363 100
2748 4395963 100
2749 4397563 100
2750 4399163 100
2751 4400763 100
2752 4402363 100
2753 4403963 100
2754 4405563 100
2755 4407164 100
2756 4408764 100
2757 4410364 100
2758 4411964 100
2759 4413564 100
2760 4415164 100
2761 4416764 100
2762 4418364 100
2763 4419964 100
2764 4421564 100
2765 4423164 100
2766 4424764 100
2767 4426364 100
2768 4427964 100
2769 4429564 100
2770 4431164 100
2771 4432764 100
2772 4434364 100
2773 4435964 100
2774 4437565 100
2775 4439164 100
2776 4440764 100
2777 4442364 100
2778 4443964 100
2779 4445564 100
2780 4447164 100
2781 4448764 100
2782 4450365 100
2783 4451965 100
2784 4453565 100
2785 4455165 100
2786 4456765 100
2787 4458365 100
2788 4459965 100
2789 4461565 100
2790 4463165 100
2791 4464765 100
2792 4466365 100
2793 4467965 100
2794 4469565 100
2795 4471165 100
2796 4472765 100
2797 4474365 100
2798 4475965 100
2799 4477565 100
2800 4479165 100
2801 4480765 100
2802 4482365 100
2803 4483967 100
2804 4485565 100
2805 4487165 100
2806 4488765 100
2807 4490365 100
2808 4491965 100
2809 4493566 100
2810 4495166 100
2811 4496766 100
2812 4498366 100
2813 4499966 100
2814 4501566 100
2815 4503166 100
2816 4504766 100
2817 4506366 100
2818 4507966 100
2819 4509566 100
2820 4511166 100
2821 4512766 100
2822 4514366 100
2823 4515966 100
2824 4517566 100
2825 4519166 100
2826 4520766 100
2827 4522366 100
2828 4523966 100
2829 4525566 100
2830 4527166 100
2831 4528766 100
2832 4530367 100
2833 4531966 100
2834 4533566 100
2835 4535167 100
2836 4536767 100
2837 4538367 100
2838 4539967 100
2839 4541567 100
2840 4543167 100
2841 4544767 100
2842 4546367 100
2843 4547967 100
2844 4549567 100
2845 4551167 100
2846 4552767 100
2847 4554367 100
2848 4555967 100
2849 4557567 100
2850 4559167 100
2851 4560767 100
2852 4562367 100
2853 4563967 100
2854 4565567 100
2855 4567167 100
2856 4568767 100
2857 4570367 100
2858 4571967 100
2859 4573567 100
2860 4575167 100
2861 4576768 100
2862 4578368 100
2863 4579968 100
2864 4581568 100
2865 4583168 100
2866 4584768 100
2867 4586368 100
2868 4587968 100
2869 4589568 100
2870 4591168 100
2871 4592768 100
2872 4594368 100
2873 4595968 100
2874 4597568 100
2875 4599168 100
2876 4600768 100
2877 4602368 100
2878 4603968 100
2879 4605568 100
2880 4607169 100
2881 4608768 100
2882 4610368 100
2883 4611968 100
2884 4613568 100
2885 4615168 100
2886 4616768 100
2887 4618368 100
2888 4619968 100
2889 4621568 100
2890 4623168 100
2891 4624769 100
2892 4626369 100
2893 4627969 100
2894 4629569 100
2895 4631169 100
2896 4632769 100
2897 4634369 100
2898 4635969 100
2899 4637569 100
2900 4639169 100
2901 4640769 100
2902 4642369 100
2903 4643969 100
2904 4645569 100
2905 4647169 100
2906 4648769 100
2907 4650369 100
2908 4651969 100
2909 4653570 100
2910 4655169 100
2911 4656769 100
2912 4658369 100
2913 4659969 100
2914 4661569 100
2915 4663169 100
2916 4664769 100
2917 4666369 100
2918 4667969 100
2919 4669569 100
2920 4671169 100
2921 4672770 100
2922 4674370 100
2923 4675970 100
2924 4677570 100
2925 4679170 100
2926 4680770 100
2927 4682370 100
2928 4683970 100
2929 4685570 100
2930 4687170 100
2931 4688770 100
2932 4690370 100
2933 4691970 100
2934 4693570 100
2935 4695170 100
2936 4696770 100
2937 4698370 100
2938 4699971 100
2939 4701570 100
2940 4703170 100
2941 4704770 100
2942 4706370 100
2943 4707970 100
2944 4709570 100
2945 4711170 100
2946 4712770 100
2947 4714370 100
2948 4715970 100
2949 4717570 100
2950 4719170 100
2951 4720770 100
2952 4722371 100
2953 4723971 100
2954 4725571 100
2955 4727171 100
2956 4728771 100
2957 4730371 100
2958 4731971 100
2959 4733571 100
2960 4735171 100
2961 4736771 100
2962 4738371 100
2963 4739971 100
2964 4741571 100
2965 4743171 100
2966 4744771 100
2967 4746372 100
2968 4747971 100
2969 4749571 100
2970 4751171 100
2971 4752771 100
2972 4754371 100
2973 4755971 100
2974 4757571 100
2975 4759171 100
2976 4760771 100
2977 4762371 100
2978 4763971 100
2979 4765571 100
2980 4767171 100
2981 4768772 100
2982 4770372 100
2983 4771972 100
2984 4773572 100
2985 4775172 100
2986 4776772 100
2987 4778372 100
2988 4779972 100
2989 4781572 100
2990 4783172 100
2991 4784772 100
2992 4786372 100
2993 4787972 100
2994 4789572 100
2995 4791172 100
2996 4792774 100
2997 4794372 100
2998 4795972 100
2999 4797572 100
3000 4799172 100
3001 4800772 100
3002 4802372 100
3003 4803972 100
3004 4805572 100
3005 4807172 100
3006 4808772 100
3007 4810373 100
3008 4811973 100
3009 4813573 100
3010 4815173 100
3011 4816773 100
3012 4818373 100
3013 4819973 100
3014 4821573 100
3015 4823173 100
3016 4824773 100
3017 4826373 100
3018 4827973 100
3019 4829573 100
3020 4831173 100
3021 4832773 100
3022 4834373 100
3023 4835973 100
3024 4837573 100
3025 4839174 100
3026 4840773 100
3027 4842373 100
3028 4843973 100
3029 4845573 100
3030 4847173 100
3031 4848773 100
3032 4850374 100
3033 4851974 100
3034 4853574 100
3035 4855174 100
3036 4856774 100
3037 4858374 100
3038 4859974 100
3039 4861574 100
3040 4863174 100
3041 4864774 100
3042 4866374 100
3043 4867974 100
3044 4869574 100
3045 4871174 100
3046 4872774 100
3047 4874374 100
3048 4875974 100
3049 4877574 100
3050 4879174 100
3051 4880774 100
3052 4882374 100
3053 4883974 100
3054 4885576 100
3055 4887174 100
3056 4888774 100
3057 4890374 100
